timestamp,x,y,z
0,311,288,289
1,310,286,288
2,309,284,285
3,309,284,284
4,309,279,278
5,310,282,280
6,309,284,282
7,308,284,284
8,309,285,285
9,309,284,288
10,309,287,286
11,308,286,284
12,308,284,282
13,308,280,282
14,309,281,284
15,309,284,284
16,308,285,286
17,308,286,286
18,309,286,284
19,309,287,284
20,308,285,284
21,308,280,284
22,309,280,284
23,309,284,284
24,309,286,284
25,309,288,284
26,309,286,284
27,309,284,284
28,308,284,285
29,308,284,284
30,308,282,284
31,308,282,284
32,308,284,282
33,308,286,282
34,308,286,284
35,309,286,286
36,309,284,287
37,309,285,286
38,308,284,284
39,309,282,280
40,308,282,282
41,308,286,282
42,309,287,286
43,308,286,288
44,310,284,287
45,308,282,284
46,308,284,282
47,308,284,281
48,308,284,281
49,309,287,284
50,308,289,286
51,310,287,286
52,308,282,286
53,308,280,284
54,308,280,282
55,308,284,282
56,308,288,284
57,308,287,286
58,310,286,286
59,308,284,284
60,308,284,281
61,309,282,280
62,308,284,281
63,309,285,284
64,308,287,288
65,309,286,288
66,309,284,286
67,308,282,284
68,310,284,280
69,309,284,279
70,308,284,282
71,308,286,286
72,308,287,288
73,308,287,286
74,309,286,284
75,309,282,280
76,309,280,280
77,309,282,281
78,308,284,284
79,311,286,288
80,308,289,288
81,308,289,286
82,309,286,284
83,308,281,280
84,308,278,278
85,309,278,282
86,308,285,285
87,309,290,288
88,308,288,288
89,310,286,287
90,309,284,284
91,308,282,281
92,311,282,280
93,309,284,282
94,309,284,284
95,308,286,285
96,310,286,285
97,308,284,285
98,308,284,284
99,308,286,284
100,308,284,282
101,308,282,284
102,309,280,284
103,308,280,286
104,308,286,285
105,309,289,284
106,309,288,284
107,308,286,284
108,309,282,284
109,309,280,282
110,309,280,282
111,309,284,284
112,308,285,285
113,309,290,286
114,308,288,286
115,308,284,286
116,309,279,286
117,309,281,284
118,309,284,282
119,309,286,282
120,309,286,284
121,308,284,285
122,309,285,285
123,310,285,284
124,308,284,284
125,310,284,284
126,310,284,285
127,308,284,285
128,308,282,284
129,310,282,282
130,308,284,282
131,308,288,284
132,310,288,284
133,308,285,284
134,308,284,286
135,310,282,285
136,308,282,284
137,308,284,284
138,308,284,282
139,310,284,284
140,308,286,286
141,308,288,286
142,309,285,284
143,308,284,284
144,308,284,282
145,308,282,282
146,308,282,282
147,308,284,284
148,308,284,286
149,308,288,288
150,308,286,286
151,308,284,284
152,311,282,282
153,308,284,280
154,310,285,282
155,308,284,284
156,310,284,286
157,310,284,286
158,308,285,285
159,310,286,284
160,310,284,284
161,308,284,285
162,309,284,284
163,308,284,284
164,308,284,284
165,308,284,282
166,308,284,282
167,310,285,284
168,308,286,286
169,310,284,284
170,308,284,284
171,308,285,284
172,308,284,284
173,308,284,284
174,308,284,284
175,308,284,284
176,308,286,284
177,308,286,284
178,308,284,284
179,308,284,284
180,308,285,284
181,308,285,284
182,308,284,284
183,308,284,285
184,310,284,284
185,308,286,284
186,308,286,284
187,308,284,284
188,308,284,285
189,310,285,284
190,310,284,284
191,308,282,282
192,308,282,284
193,308,286,284
194,308,288,286
195,308,288,286
196,308,284,285
197,308,282,284
198,308,282,282
199,308,282,280
200,308,282,282
201,308,285,285
202,308,288,287
203,308,288,287
204,308,286,286
205,308,282,284
206,308,279,282
207,308,282,282
208,308,284,282
209,308,286,284
210,308,286,286
211,308,286,286
212,310,286,286
213,308,285,284
214,308,282,282
215,308,281,284
216,308,282,284
217,308,284,284
218,308,284,284
219,310,286,285
220,308,289,284
221,308,289,284
222,308,285,284
223,308,282,282
224,308,278,284
225,308,282,284
226,308,284,284
227,308,285,284
228,308,286,284
229,308,287,284
230,308,286,284
231,308,284,284
232,308,284,284
233,308,282,284
234,308,284,285
235,308,284,284
236,308,282,284
237,308,284,284
238,308,286,284
239,308,288,286
240,308,287,285
241,308,284,284
242,309,280,283
243,308,282,282
244,308,284,282
245,308,284,284
246,308,286,286
247,308,288,286
248,308,285,286
249,310,284,284
250,308,282,282
251,308,281,282
252,308,285,284
253,308,286,284
254,308,284,285
255,308,284,285
256,308,285,284
257,308,286,284
258,308,284,284
259,308,284,284
260,310,282,284
261,308,284,284
262,308,284,284
263,309,284,284
264,309,284,284
265,309,286,284
266,309,285,284
267,309,284,285
268,309,284,286
269,309,284,285
270,309,286,284
271,309,286,284
272,311,284,282
273,309,284,282
274,309,287,284
275,309,288,286
276,309,286,286
277,309,284,286
278,309,282,284
279,309,284,282
280,309,284,282
281,309,284,282
282,309,284,284
283,308,288,286
284,308,288,286
285,308,284,286
286,308,280,284
287,308,280,282
288,308,284,281
289,308,286,282
290,308,286,284
291,308,286,288
292,308,286,286
293,308,284,284
294,308,282,282
295,308,281,280
296,308,282,282
297,308,286,284
298,308,288,286
299,308,288,286
300,308,286,286
301,308,285,284
302,309,282,282
303,308,280,280
304,308,282,282
305,308,284,284
306,308,288,287
307,308,289,288
308,308,286,286
309,308,282,284
310,308,284,280
311,308,284,280
312,308,284,282
313,308,284,286
314,308,287,287
315,308,288,286
316,308,287,285
317,308,284,282
318,308,280,282
319,308,284,282
320,308,285,284
321,308,284,286
322,309,286,288
323,308,288,286
324,308,287,284
325,308,284,280
326,308,281,279
327,308,280,282
328,308,286,286
329,308,288,288
330,308,286,288
331,308,284,286
332,310,284,282
333,308,284,280
334,308,284,282
335,308,285,284
336,308,284,288
337,308,286,286
338,308,284,282
339,308,282,281
340,308,282,282
341,308,284,284
342,309,286,285
343,308,285,288
344,308,284,286
345,308,284,286
346,308,286,282
347,308,284,280
348,308,282,282
349,308,282,284
350,310,286,286
351,308,288,286
352,308,286,286
353,308,284,284
354,308,282,282
355,308,285,282
356,308,285,282
357,308,284,284
358,308,284,288
359,308,286,286
360,308,286,284
361,308,284,281
362,309,284,281
363,308,282,284
364,310,285,285
365,308,286,286
366,308,284,286
367,308,284,286
368,310,284,284
369,308,284,282
370,308,284,282
371,308,285,284
372,308,284,285
373,308,285,286
374,308,284,284
375,308,284,284
376,308,284,284
377,308,286,284
378,308,286,284
379,309,284,285
380,309,284,284
381,309,282,284
382,309,285,282
383,309,288,282
384,308,287,284
385,309,286,286
386,309,284,286
387,308,282,284
388,309,281,282
389,309,282,281
390,309,284,282
391,309,288,284
392,310,288,286
393,309,285,286
394,309,284,285
395,309,284,284
396,309,282,282
397,309,284,284
398,309,284,284
399,309,286,285
400,309,288,286
401,309,287,285
402,309,284,282
403,309,282,284
404,309,284,284
405,309,285,284
406,308,285,286
407,309,286,284
408,309,285,284
409,309,286,282
410,309,285,284
411,309,284,284
412,309,284,284
413,309,287,284
414,308,286,286
415,309,284,285
416,309,282,284
417,309,282,282
418,309,284,282
419,308,286,284
420,309,286,284
421,310,286,286
422,309,287,285
423,309,286,282
424,308,280,282
425,308,278,284
426,308,280,285
427,309,285,286
428,309,289,286
429,309,288,284
430,309,285,284
431,308,284,284
432,309,280,284
433,308,280,285
434,308,282,286
435,308,286,286
436,309,288,286
437,308,286,284
438,308,282,282
439,309,281,282
440,308,284,284
441,309,286,286
442,309,284,288
443,309,284,286
444,309,284,284
445,309,284,282
446,308,284,282
447,309,284,282
448,309,284,284
449,309,287,286
450,309,288,285
451,309,284,282
452,310,282,281
453,309,282,281
454,309,284,284
455,309,286,286
456,309,286,288
457,309,284,287
458,309,286,284
459,309,284,280
460,309,282,280
461,309,284,281
462,309,286,284
463,309,288,287
464,309,286,289
465,309,282,288
466,309,280,285
467,309,284,280
468,309,285,277
469,309,286,280
470,309,286,288
471,309,287,292
472,309,286,289
473,309,284,286
474,309,280,279
475,309,278,280
476,309,282,282
477,309,286,286
478,309,288,289
479,309,288,290
480,309,286,286
481,309,284,282
482,309,281,278
483,309,280,278
484,309,280,282
485,309,286,288
486,309,288,288
487,309,288,288
488,309,286,286
489,309,284,282
490,309,281,280
491,309,280,280
492,309,284,282
493,309,285,286
494,309,290,288
495,309,288,286
496,309,284,284
497,309,280,281
498,309,282,282
499,309,284,282
500,309,286,286
501,309,285,287
502,309,284,286
503,309,284,284
504,309,284,282
505,309,282,282
506,309,282,284
507,309,286,284
508,309,286,284
509,309,284,284
510,309,284,284
511,309,282,284
512,310,284,284
513,309,284,285
514,309,282,284
515,309,282,285
516,309,285,284
517,309,286,282
518,309,285,282
519,309,284,284
520,309,284,284
521,309,284,285
522,308,284,284
523,309,282,282
524,309,284,282
525,309,287,284
526,309,287,285
527,309,284,286
528,309,282,286
529,309,284,284
530,309,285,282
531,310,286,280
532,309,284,280
533,309,284,284
534,309,285,286
535,309,286,288
536,309,286,286
537,309,284,284
538,309,282,282
539,309,282,280
540,309,284,280
541,309,284,282
542,309,286,288
543,309,289,288
544,309,287,287
545,309,284,284
546,309,280,281
547,309,282,280
548,309,284,282
549,309,287,286
550,309,286,287
551,309,285,288
552,309,285,284
553,309,284,282
554,309,282,281
555,309,282,284
556,309,284,286
557,309,286,286
558,309,286,286
559,309,284,282
560,309,282,282
561,309,284,282
562,308,284,282
563,309,284,284
564,309,284,286
565,309,286,286
566,309,286,284
567,309,284,282
568,309,282,280
569,309,282,284
570,309,286,284
571,309,288,285
572,309,286,286
573,309,284,286
574,309,282,284
575,309,284,282
576,309,284,280
577,309,284,281
578,309,284,286
579,309,287,288
580,309,288,287
581,309,285,286
582,308,284,284
583,309,284,282
584,309,284,282
585,309,284,284
586,309,285,285
587,309,286,288
588,308,288,288
589,309,287,285
590,309,282,282
591,310,280,282
592,309,284,282
593,309,287,284
594,308,288,286
595,309,286,286
596,309,284,288
597,309,284,286
598,309,284,281
599,308,282,280
600,308,284,282
601,309,286,284
602,309,286,288
603,309,285,288
604,309,284,286
605,309,284,284
606,309,285,282
607,309,284,280
608,309,282,282
609,309,284,284
610,309,288,286
611,309,290,287
612,309,286,287
613,309,282,284
614,309,280,280
615,309,284,280
616,309,285,282
617,309,286,284
618,309,287,288
619,309,287,288
620,309,286,285
621,309,284,280
622,309,282,278
623,309,282,280
624,309,286,285
625,309,287,288
626,309,286,290
627,309,286,288
628,309,284,282
629,309,284,279
630,309,282,279
631,309,284,282
632,309,284,286
633,309,288,288
634,309,288,288
635,309,284,286
636,309,281,281
637,309,282,279
638,309,284,280
639,309,286,284
640,309,286,288
641,309,286,288
642,309,286,286
643,309,285,282
644,309,282,278
645,309,282,280
646,309,284,282
647,309,286,286
648,309,286,288
649,309,286,286
650,309,284,284
651,310,284,282
652,309,284,282
653,309,282,281
654,309,284,284
655,309,286,286
656,309,288,286
657,309,286,284
658,309,284,282
659,309,281,281
660,309,282,282
661,309,284,284
662,309,285,286
663,309,288,286
664,309,288,284
665,309,285,282
666,309,282,282
667,309,282,282
668,309,284,284
669,309,286,285
670,309,286,284
671,309,284,282
672,309,284,282
673,309,285,282
674,309,287,284
675,309,286,286
676,309,284,286
677,309,282,284
678,309,284,284
679,309,284,282
680,309,285,281
681,309,286,284
682,308,287,284
683,309,285,285
684,309,284,285
685,309,284,284
686,309,284,282
687,309,286,282
688,309,286,284
689,309,284,284
690,309,284,286
691,309,286,286
692,309,285,286
693,309,284,284
694,309,284,281
695,309,284,280
696,309,286,282
697,309,286,285
698,309,285,288
699,309,284,288
700,309,284,286
701,309,284,284
702,308,281,282
703,309,284,281
704,309,286,284
705,309,288,286
706,309,287,288
707,309,285,286
708,309,282,284
709,309,284,280
710,309,284,280
711,310,284,284
712,309,284,288
713,309,288,288
714,309,288,288
715,309,285,284
716,309,282,280
717,309,280,278
718,309,285,280
719,309,287,284
720,309,286,288
721,309,284,290
722,308,286,288
723,309,286,284
724,309,284,280
725,309,282,280
726,309,281,282
727,309,286,284
728,309,288,286
729,309,286,288
730,309,286,286
731,309,284,284
732,309,284,280
733,309,282,280
734,309,284,284
735,309,284,288
736,309,288,288
737,309,288,286
738,309,284,284
739,309,281,281
740,309,282,280
741,309,284,282
742,309,284,284
743,309,284,287
744,309,287,286
745,309,288,285
746,308,287,282
747,308,284,280
748,309,282,282
749,309,284,284
750,309,286,284
751,308,289,284
752,309,288,284
753,308,284,284
754,309,284,284
755,309,284,282
756,309,284,282
757,309,284,284
758,308,288,285
759,308,288,284
760,309,286,284
761,309,284,282
762,309,281,282
763,309,284,284
764,309,285,285
765,309,286,285
766,309,286,285
767,309,287,284
768,309,286,282
769,309,284,282
770,309,281,284
771,311,282,286
772,309,286,288
773,309,289,286
774,311,287,282
775,309,284,282
776,309,282,282
777,309,282,284
778,309,284,284
779,309,285,284
780,309,288,284
781,309,287,284
782,309,285,284
783,309,282,282
784,309,282,284
785,309,284,284
786,309,286,284
787,309,285,284
788,309,284,284
789,309,285,284
790,309,286,284
791,309,286,284
792,309,284,282
793,309,282,284
794,309,284,284
795,309,284,284
796,309,285,284
797,309,286,284
798,309,286,284
799,309,286,284
800,309,284,284
801,309,282,284
802,309,282,284
803,309,286,284
804,309,286,284
805,309,284,284
806,309,284,284
807,309,284,284
808,309,286,286
809,309,287,286
810,309,285,284
811,309,282,284
812,309,282,282
813,309,282,282
814,309,284,284
815,309,285,286
816,309,288,286
817,309,288,284
818,309,286,284
819,309,282,281
820,309,279,282
821,309,284,284
822,309,285,286
823,309,286,288
824,309,286,286
825,309,286,282
826,309,285,280
827,309,284,282
828,309,282,282
829,309,284,286
830,309,286,288
831,311,286,286
832,309,284,284
833,309,282,282
834,309,284,281
835,309,286,282
836,309,286,284
837,309,286,288
838,309,284,288
839,309,284,286
840,309,284,280
841,309,282,279
842,309,284,281
843,309,286,284
844,309,288,288
845,309,286,290
846,309,284,288
847,309,282,284
848,309,284,280
849,309,284,279
850,309,282,282
851,309,282,286
852,309,286,288
853,309,288,288
854,309,288,286
855,309,284,281
856,309,282,280
857,309,282,282
858,309,284,284
859,309,284,286
860,309,286,289
861,309,287,287
862,309,286,284
863,309,284,280
864,309,284,280
865,309,284,282
866,309,286,287
867,309,286,288
868,309,284,288
869,309,282,285
870,309,284,280
871,309,284,279
872,309,284,280
873,309,285,285
874,309,286,288
875,309,288,290
876,309,285,286
877,309,280,282
878,309,280,278
879,309,284,278
880,309,286,280
881,309,288,288
882,309,288,292
883,309,286,292
884,309,284,286
885,309,282,280
886,309,278,276
887,309,279,278
888,309,286,282
889,309,290,288
890,309,290,292
891,311,287,290
892,309,284,284
893,309,282,279
894,309,280,278
895,309,278,279
896,309,284,286
897,309,290,288
898,309,292,288
899,309,288,285
900,309,284,282
901,309,279,279
902,308,280,280
903,309,282,282
904,309,284,285
905,309,286,288
906,309,288,288
907,309,287,284
908,308,284,281
909,308,282,280
910,309,284,282
911,308,284,284
912,309,284,286
913,309,284,284
914,309,284,284
915,309,286,282
916,308,287,280
917,309,285,282
918,309,284,285
919,309,284,287
920,309,284,286
921,309,284,284
922,308,284,280
923,309,284,281
924,309,285,282
925,309,284,284
926,309,284,286
927,309,285,286
928,309,286,284
929,309,286,282
930,309,285,282
931,309,282,282
932,309,280,284
933,309,284,284
934,309,285,284
935,309,286,284
936,309,288,284
937,309,288,284
938,309,286,284
939,309,284,282
940,309,280,281
941,309,279,284
942,309,285,284
943,309,288,286
944,309,288,286
945,309,286,285
946,309,284,284
947,309,284,282
948,309,282,282
949,309,282,281
950,309,284,284
951,311,288,284
952,309,287,286
953,309,284,286
954,309,284,284
955,309,284,282
956,309,284,282
957,309,284,284
958,309,284,284
959,309,284,284
960,309,288,284
961,309,288,284
962,309,284,282
963,309,282,283
964,309,284,284
965,309,284,284
966,309,284,286
967,309,284,286
968,309,284,285
969,309,286,284
970,309,286,284
971,309,284,284
972,309,282,284
973,309,284,284
974,309,285,284
975,309,284,284
976,309,284,284
977,309,284,284
978,309,288,284
979,309,286,284
980,309,284,284
981,309,282,286
982,309,284,284
983,309,285,284
984,309,286,282
985,309,286,284
986,309,284,284
987,309,285,284
988,309,284,284
989,309,282,282
990,309,284,284
991,309,286,284
992,309,288,285
993,309,286,286
994,309,282,285
995,309,280,284
996,309,284,282
997,309,286,282
998,309,286,282
999,309,287,286
1000,309,288,288
1001,309,286,288
1002,309,282,284
1003,309,280,281
1004,309,281,280
1005,309,285,284
1006,309,288,285
1007,309,288,287
1008,309,288,288
1009,309,286,286
1010,309,282,282
1011,311,278,280
1012,309,280,278
1013,309,284,282
1014,309,290,288
1015,309,292,292
1016,309,288,289
1017,309,282,284
1018,309,281,279
1019,309,280,277
1020,309,282,280
1021,309,286,284
1022,309,289,288
1023,309,289,290
1024,309,287,288
1025,309,281,280
1026,309,280,278
1027,309,282,279
1028,309,284,284
1029,309,285,288
1030,309,287,289
1031,309,288,286
1032,309,286,282
1033,309,284,280
1034,309,280,279
1035,309,281,282
1036,309,286,286
1037,309,288,287
1038,309,285,286
1039,309,284,284
1040,309,282,282
1041,309,284,282
1042,309,286,284
1043,309,286,284
1044,311,286,286
1045,309,285,285
1046,309,284,282
1047,309,282,282
1048,309,284,284
1049,309,286,286
1050,309,288,288
1051,309,287,286
1052,309,284,284
1053,309,280,282
1054,309,284,280
1055,309,286,281
1056,309,286,285
1057,309,286,288
1058,309,286,288
1059,309,284,284
1060,309,284,281
1061,309,282,279
1062,309,281,284
1063,308,285,287
1064,308,290,290
1065,309,287,289
1066,309,284,286
1067,308,283,282
1068,309,283,280
1069,309,284,280
1070,309,286,284
1071,310,286,289
1072,309,290,292
1073,310,287,288
1074,309,282,282
1075,309,279,280
1076,309,282,280
1077,309,286,284
1078,309,287,287
1079,309,290,290
1080,309,287,289
1081,309,286,286
1082,309,282,280
1083,309,279,278
1084,309,280,282
1085,309,284,286
1086,309,288,288
1087,309,288,288
1088,309,286,285
1089,309,284,282
1090,309,284,280
1091,309,282,280
1092,309,282,285
1093,309,284,288
1094,309,286,289
1095,309,286,286
1096,309,285,284
1097,309,284,280
1098,309,282,281
1099,309,286,284
1100,309,286,286
1101,309,284,288
1102,309,284,287
1103,309,284,284
1104,309,284,281
1105,309,284,280
1106,309,284,284
1107,309,284,288
1108,309,286,290
1109,309,285,288
1110,309,282,282
1111,309,282,280
1112,309,284,279
1113,309,285,284
1114,309,286,287
1115,309,286,290
1116,309,285,288
1117,309,284,286
1118,309,282,281
1119,309,280,278
1120,309,284,279
1121,309,286,284
1122,309,288,288
1123,309,287,290
1124,309,285,287
1125,309,281,282
1126,309,281,279
1127,309,282,279
1128,309,284,282
1129,309,286,288
1130,309,290,290
1131,310,288,288
1132,309,284,284
1133,309,280,280
1134,309,279,278
1135,309,284,281
1136,309,287,286
1137,309,288,288
1138,309,288,289
1139,309,286,285
1140,309,284,282
1141,309,280,280
1142,308,280,281
1143,309,284,284
1144,309,287,287
1145,309,288,288
1146,309,285,285
1147,309,284,284
1148,309,284,280
1149,309,284,281
1150,309,282,284
1151,309,284,288
1152,309,284,288
1153,309,286,287
1154,309,287,284
1155,309,284,279
1156,309,284,280
1157,309,284,282
1158,309,284,285
1159,309,284,289
1160,309,285,288
1161,309,284,284
1162,309,284,281
1163,309,284,280
1164,309,282,282
1165,309,284,286
1166,309,288,288
1167,309,287,288
1168,309,284,286
1169,309,282,282
1170,309,282,280
1171,309,284,280
1172,309,284,285
1173,309,284,286
1174,309,286,289
1175,309,288,286
1176,309,286,284
1177,309,284,281
1178,309,282,281
1179,309,284,282
1180,309,286,286
1181,309,285,288
1182,309,284,286
1183,309,282,284
1184,309,285,282
1185,309,286,282
1186,309,284,284
1187,309,284,286
1188,309,284,284
1189,309,284,284
1190,309,284,284
1191,310,282,284
1192,309,284,284
1193,309,287,284
1194,309,288,284
1195,309,285,285
1196,309,284,286
1197,309,284,284
1198,309,284,284
1199,309,284,282
1200,309,284,284
1201,309,284,284
1202,309,287,285
1203,309,288,284
1204,309,285,284
1205,309,284,284
1206,309,284,284
1207,309,284,284
1208,309,282,284
1209,309,282,284
1210,309,284,284
1211,309,286,284
1212,309,287,284
1213,309,284,284
1214,309,284,284
1215,309,284,285
1216,309,284,284
1217,309,284,284
1218,309,284,282
1219,309,282,282
1220,309,284,284
1221,309,286,286
1222,308,286,286
1223,309,286,286
1224,309,286,284
1225,309,284,282
1226,309,280,281
1227,309,280,280
1228,309,284,284
1229,309,289,286
1230,309,290,288
1231,309,286,288
1232,309,284,285
1233,309,282,282
1234,309,282,280
1235,309,284,281
1236,309,286,284
1237,309,286,286
1238,309,288,287
1239,309,288,285
1240,309,284,284
1241,309,281,282
1242,309,282,282
1243,309,284,284
1244,309,284,286
1245,309,286,286
1246,309,286,286
1247,309,286,284
1248,309,285,284
1249,309,282,282
1250,309,281,282
1251,310,285,282
1252,309,287,284
1253,309,286,285
1254,309,284,286
1255,309,284,285
1256,309,284,284
1257,309,284,284
1258,309,284,282
1259,309,284,284
1260,309,285,284
1261,309,286,284
1262,309,286,284
1263,309,285,284
1264,309,284,284
1265,309,285,284
1266,309,284,284
1267,309,282,282
1268,309,282,284
1269,309,284,286
1270,309,286,286
1271,309,286,286
1272,309,284,284
1273,309,284,282
1274,309,284,280
1275,309,285,281
1276,309,284,282
1277,309,284,288
1278,309,286,288
1279,309,284,286
1280,309,282,282
1281,309,282,280
1282,309,284,280
1283,309,287,282
1284,309,288,286
1285,309,284,287
1286,309,284,288
1287,309,284,284
1288,309,284,280
1289,309,282,280
1290,309,284,281
1291,309,286,286
1292,309,289,288
1293,309,289,289
1294,309,286,286
1295,309,281,282
1296,309,280,279
1297,309,281,278
1298,309,284,282
1299,309,286,286
1300,309,289,288
1301,309,288,288
1302,309,286,286
1303,309,282,281
1304,309,280,280
1305,309,284,281
1306,309,284,284
1307,309,284,286
1308,309,285,286
1309,309,286,284
1310,309,286,284
1311,310,284,282
1312,309,284,280
1313,309,282,284
1314,309,285,286
1315,309,285,286
1316,309,284,284
1317,309,284,284
1318,309,285,282
1319,309,286,282
1320,309,284,284
1321,309,284,284
1322,309,284,286
1323,309,286,285
1324,309,286,282
1325,309,284,282
1326,309,282,282
1327,309,284,284
1328,309,286,285
1329,309,288,287
1330,309,287,286
1331,309,284,284
1332,309,284,282
1333,309,282,281
1334,309,281,284
1335,309,284,284
1336,309,288,286
1337,309,288,286
1338,309,286,286
1339,309,282,282
1340,309,280,282
1341,309,284,282
1342,308,286,284
1343,309,285,285
1344,309,285,286
1345,309,285,284
1346,309,286,282
1347,309,285,282
1348,309,284,282
1349,309,284,284
1350,309,284,286
1351,309,284,286
1352,309,284,284
1353,309,284,284
1354,309,287,282
1355,309,286,282
1356,309,284,284
1357,309,284,286
1358,309,282,286
1359,309,286,285
1360,309,285,282
1361,309,282,282
1362,308,282,282
1363,309,285,284
1364,309,288,286
1365,309,287,288
1366,309,285,288
1367,309,282,284
1368,309,284,280
1369,309,284,279
1370,309,282,280
1371,310,284,285
1372,309,290,289
1373,309,290,290
1374,309,288,288
1375,309,282,282
1376,309,278,279
1377,309,280,280
1378,309,284,284
1379,309,286,285
1380,309,290,290
1381,309,290,288
1382,309,287,284
1383,308,282,278
1384,308,281,280
1385,309,282,282
1386,308,286,288
1387,308,289,292
1388,308,288,290
1389,309,287,288
1390,309,286,284
1391,308,286,280
1392,309,284,280
1393,309,286,284
1394,309,287,290
1395,309,289,292
1396,309,288,290
1397,309,284,284
1398,309,282,281
1399,308,285,281
1400,309,288,284
1401,309,286,288
1402,309,286,290
1403,309,286,289
1404,309,284,284
1405,309,284,280
1406,309,281,276
1407,309,282,281
1408,309,287,286
1409,309,290,290
1410,309,288,290
1411,309,284,286
1412,309,282,282
1413,309,282,280
1414,309,282,280
1415,309,284,282
1416,309,286,286
1417,309,290,288
1418,309,288,288
1419,309,284,284
1420,309,282,281
1421,309,282,280
1422,309,284,284
1423,309,286,286
1424,309,286,285
1425,309,284,286
1426,309,286,285
1427,309,286,283
1428,309,284,282
1429,309,284,282
1430,309,285,284
1431,310,284,286
1432,310,284,286
1433,310,284,284
1434,310,284,282
1435,310,286,284
1436,310,286,284
1437,310,284,286
1438,310,284,286
1439,310,284,284
1440,310,285,282
1441,310,284,281
1442,309,284,281
1443,310,284,284
1444,310,286,286
1445,310,286,288
1446,310,284,288
1447,310,284,284
1448,311,284,281
1449,310,286,280
1450,309,285,282
1451,309,285,284
1452,310,284,288
1453,310,286,287
1454,310,285,285
1455,310,282,282
1456,309,281,282
1457,310,284,282
1458,310,288,284
1459,310,288,287
1460,309,286,288
1461,310,284,286
1462,309,284,284
1463,310,282,280
1464,310,281,279
1465,310,284,282
1466,310,288,286
1467,310,289,290
1468,309,286,288
1469,309,284,284
1470,310,280,280
1471,310,282,280
1472,310,284,280
1473,310,285,285
1474,310,286,288
1475,310,286,288
1476,310,285,284
1477,310,284,282
1478,310,282,280
1479,310,282,281
1480,310,286,284
1481,310,287,288
1482,309,285,288
1483,310,284,287
1484,310,284,284
1485,309,284,281
1486,309,284,280
1487,310,284,282
1488,310,284,285
1489,309,286,288
1490,310,288,286
1491,311,284,282
1492,310,284,282
1493,310,284,282
1494,309,284,284
1495,310,284,285
1496,310,285,286
1497,310,286,286
1498,310,288,285
1499,310,286,282
1500,310,282,281
1501,310,282,282
1502,309,284,284
1503,310,286,286
1504,310,286,287
1505,310,286,286
1506,310,284,284
1507,310,284,282
1508,310,284,282
1509,310,284,283
1510,310,284,286
1511,310,286,286
1512,310,286,284
1513,310,284,284
1514,310,282,282
1515,310,284,282
1516,310,285,284
1517,310,286,286
1518,310,284,286
1519,310,284,286
1520,310,284,284
1521,310,284,281
1522,309,284,281
1523,310,284,284
1524,310,286,286
1525,310,286,288
1526,310,285,286
1527,310,282,282
1528,310,281,282
1529,310,284,281
1530,310,286,284
1531,310,286,285
1532,310,285,288
1533,310,285,288
1534,310,286,285
1535,310,284,281
1536,310,282,278
1537,310,280,281
1538,310,284,285
1539,310,286,288
1540,310,287,288
1541,310,287,286
1542,309,285,284
1543,310,284,280
1544,308,281,278
1545,308,280,280
1546,309,282,286
1547,309,289,290
1548,309,292,288
1549,308,287,286
1550,309,281,280
1551,310,279,279
1552,309,280,280
1553,309,286,284
1554,308,288,286
1555,309,288,290
1556,309,287,288
1557,309,282,284
1558,309,278,279
1559,308,280,279
1560,309,286,282
1561,309,288,288
1562,309,288,290
1563,310,284,286
1564,310,281,282
1565,310,284,280
1566,310,284,280
1567,310,284,282
1568,310,284,287
1569,310,285,288
1570,311,285,288
1571,310,284,284
1572,310,284,281
1573,310,282,280
1574,310,284,282
1575,310,284,284
1576,310,284,287
1577,310,284,288
1578,310,287,286
1579,310,287,284
1580,310,285,282
1581,310,282,281
1582,309,280,284
1583,311,284,286
1584,310,286,286
1585,310,286,285
1586,310,286,284
1587,310,285,282
1588,310,284,282
1589,310,284,284
1590,310,284,285
1591,310,284,285
1592,310,285,284
1593,310,284,282
1594,310,284,282
1595,310,284,284
1596,310,286,284
1597,310,286,286
1598,310,284,286
1599,310,284,284
1600,310,281,282
1601,310,284,282
1602,309,284,284
1603,310,284,284
1604,310,288,286
1605,310,289,286
1606,310,286,285
1607,310,282,284
1608,310,279,282
1609,310,282,282
1610,310,286,285
1611,311,288,287
1612,310,286,286
1613,310,286,284
1614,310,284,282
1615,311,284,281
1616,310,282,282
1617,310,284,284
1618,310,284,286
1619,310,286,286
1620,310,286,286
1621,310,284,284
1622,309,284,282
1623,310,286,282
1624,310,286,284
1625,310,284,286
1626,310,284,286
1627,310,284,284
1628,310,285,282
1629,310,285,282
1630,310,284,282
1631,310,284,284
1632,310,286,284
1633,310,286,284
1634,310,284,286
1635,310,282,284
1636,310,282,282
1637,310,285,282
1638,310,286,284
1639,310,285,284
1640,310,285,286
1641,310,286,284
1642,309,284,282
1643,310,284,282
1644,310,282,284
1645,310,284,285
1646,310,286,286
1647,310,286,286
1648,310,285,284
1649,310,284,284
1650,310,285,282
1651,310,284,282
1652,311,282,284
1653,310,282,286
1654,310,285,286
1655,310,288,284
1656,310,287,284
1657,310,284,281
1658,310,281,282
1659,310,284,284
1660,310,286,285
1661,310,286,287
1662,309,286,287
1663,310,284,284
1664,310,284,281
1665,310,284,279
1666,310,284,280
1667,310,284,284
1668,311,288,288
1669,310,287,286
1670,310,284,286
1671,311,282,282
1672,310,282,282
1673,310,284,282
1674,310,286,285
1675,311,286,285
1676,311,286,286
1677,310,287,284
1678,310,285,282
1679,310,282,282
1680,310,282,282
1681,310,284,282
1682,309,286,284
1683,310,286,286
1684,310,284,286
1685,310,284,286
1686,310,285,284
1687,310,285,282
1688,310,284,281
1689,310,282,282
1690,310,284,284
1691,310,286,285
1692,310,286,284
1693,310,286,284
1694,310,284,284
1695,310,284,284
1696,310,284,284
1697,310,282,284
1698,310,282,284
1699,310,286,284
1700,310,288,284
1701,310,286,284
1702,309,284,284
1703,309,282,284
1704,309,284,284
1705,309,286,284
1706,309,284,284
1707,309,286,284
1708,308,288,284
1709,309,287,284
1710,309,284,284
1711,309,284,284
1712,309,284,284
1713,309,286,282
1714,308,288,282
1715,309,286,282
1716,309,285,284
1717,309,286,286
1718,309,286,286
1719,309,285,286
1720,309,284,284
1721,309,282,282
1722,309,284,282
1723,311,285,282
1724,310,284,284
1725,311,285,286
1726,310,286,286
1727,310,286,284
1728,310,282,281
1729,310,281,281
1730,310,284,282
1731,311,287,285
1732,311,288,286
1733,310,284,286
1734,310,284,286
1735,310,282,282
1736,310,284,280
1737,310,284,280
1738,310,286,284
1739,310,286,286
1740,310,286,287
1741,310,284,285
1742,308,281,282
1743,310,282,282
1744,310,285,282
1745,310,287,282
1746,310,286,284
1747,310,286,286
1748,310,284,286
1749,310,284,284
1750,310,284,282
1751,310,282,280
1752,310,284,282
1753,310,286,284
1754,310,288,286
1755,310,286,286
1756,310,284,284
1757,310,284,284
1758,310,284,282
1759,310,284,282
1760,310,282,282
1761,310,285,286
1762,309,288,286
1763,310,289,284
1764,310,285,283
1765,310,284,282
1766,310,282,282
1767,310,284,284
1768,311,285,286
1769,310,286,285
1770,311,286,285
1771,310,288,284
1772,310,286,282
1773,310,284,284
1774,310,282,284
1775,311,284,284
1776,310,286,284
1777,310,286,284
1778,310,285,284
1779,310,284,284
1780,310,286,284
1781,311,286,284
1782,309,284,286
1783,310,282,286
1784,310,284,286
1785,310,285,284
1786,310,286,284
1787,310,286,282
1788,310,285,284
1789,310,286,284
1790,310,284,284
1791,310,282,286
1792,310,284,286
1793,310,286,284
1794,310,288,282
1795,310,286,284
1796,310,284,284
1797,310,281,285
1798,310,285,286
1799,310,286,285
1800,310,286,285
1801,310,284,284
1802,309,284,284
1803,310,284,282
1804,310,285,282
1805,310,286,284
1806,310,285,286
1807,310,286,287
1808,311,285,284
1809,310,284,284
1810,310,284,282
1811,310,286,284
1812,310,287,284
1813,310,286,286
1814,310,284,286
1815,310,281,286
1816,310,284,284
1817,310,286,282
1818,310,286,282
1819,310,286,284
1820,311,285,285
1821,310,284,286
1822,309,284,286
1823,310,284,284
1824,310,282,284
1825,311,286,284
1826,310,286,284
1827,310,284,284
1828,310,284,285
1829,310,285,285
1830,310,286,284
1831,310,285,282
1832,310,285,282
1833,310,284,282
1834,310,284,285
1835,310,284,286
1836,311,284,286
1837,310,284,285
1838,310,286,284
1839,310,286,282
1840,311,285,282
1841,310,284,284
1842,309,284,285
1843,310,285,286
1844,310,284,286
1845,310,282,284
1846,310,282,282
1847,310,285,282
1848,310,286,284
1849,310,286,284
1850,310,286,286
1851,310,284,286
1852,310,285,286
1853,310,284,284
1854,310,281,281
1855,310,282,282
1856,310,284,284
1857,310,287,286
1858,310,286,286
1859,310,286,286
1860,310,285,284
1861,310,284,284
1862,309,282,284
1863,310,280,282
1864,309,284,284
1865,309,286,285
1866,309,288,286
1867,309,286,284
1868,309,285,284
1869,309,284,284
1870,309,284,284
1871,309,284,284
1872,309,284,284
1873,309,284,286
1874,309,286,286
1875,309,286,284
1876,308,284,284
1877,308,284,284
1878,309,284,284
1879,309,286,284
1880,309,286,285
1881,308,284,284
1882,309,282,284
1883,310,284,283
1884,310,284,282
1885,310,284,284
1886,310,284,285
1887,310,286,286
1888,310,288,286
1889,310,286,286
1890,310,282,282
1891,310,280,282
1892,310,284,282
1893,310,286,282
1894,310,286,284
1895,310,288,286
1896,310,287,286
1897,310,285,286
1898,310,281,284
1899,310,279,282
1900,310,281,284
1901,310,287,284
1902,309,289,286
1903,310,288,286
1904,310,286,286
1905,310,284,284
1906,310,284,282
1907,310,284,284
1908,310,282,284
1909,310,282,286
1910,310,286,287
1911,310,286,284
1912,310,286,284
1913,310,286,282
1914,310,286,284
1915,310,286,284
1916,310,284,286
1917,310,281,285
1918,310,280,284
1919,310,285,284
1920,310,287,284
1921,310,286,284
1922,309,285,285
1923,310,285,285
1924,310,284,286
1925,310,284,286
1926,310,284,284
1927,310,284,284
1928,310,284,284
1929,310,284,282
1930,310,284,284
1931,310,284,286
1932,310,286,287
1933,310,288,286
1934,310,286,285
1935,310,284,284
1936,310,280,282
1937,310,284,284
1938,310,284,284
1939,310,285,287
1940,310,286,286
1941,310,288,284
1942,309,285,284
1943,310,282,284
1944,310,281,284
1945,310,281,286
1946,310,286,286
1947,310,287,286
1948,310,284,284
1949,310,284,284
1950,310,284,282
1951,310,285,284
1952,310,284,286
1953,310,284,288
1954,310,284,287
1955,310,286,284
1956,310,285,281
1957,310,282,280
1958,310,282,284
1959,310,286,286
1960,310,288,288
1961,310,286,288
1962,309,284,286
1963,310,281,282
1964,310,282,279
1965,310,285,279
1966,310,285,282
1967,310,286,288
1968,310,288,290
1969,310,286,288
1970,310,282,284
1971,310,280,280
1972,310,280,278
1973,310,284,282
1974,310,288,284
1975,310,288,288
1976,310,288,289
1977,310,285,286
1978,310,282,281
1979,310,280,279
1980,310,282,280
1981,310,284,285
1982,308,288,288
1983,310,288,288
1984,310,284,286
1985,310,282,282
1986,310,284,279
1987,310,286,279
1988,310,286,284
1989,310,286,286
1990,310,284,288
1991,310,284,286
1992,310,282,284
1993,310,281,279
1994,310,282,281
1995,310,286,284
1996,310,288,288
1997,310,288,288
1998,310,285,286
1999,310,284,282
2000,310,281,280
2001,310,281,280
2002,309,281,281
2003,310,284,286
2004,310,288,288
2005,310,288,288
2006,310,284,284
2007,310,282,281
2008,310,282,279
2009,310,284,281
2010,310,284,284
2011,310,285,286
2012,310,285,286
2013,310,286,284
2014,310,284,283
2015,310,284,282
2016,310,284,282
2017,310,284,284
2018,310,285,286
2019,310,285,288
2020,310,284,284
2021,310,284,282
2022,309,285,280
2023,308,286,280
2024,309,284,285
2025,308,284,288
2026,309,286,288
2027,309,286,288
2028,309,286,285
2029,309,282,282
2030,309,281,282
2031,310,286,284
2032,309,289,286
2033,309,288,288
2034,309,286,288
2035,309,284,286
2036,308,281,284
2037,309,282,282
2038,309,284,281
2039,308,287,284
2040,309,290,288
2041,308,286,288
2042,309,282,286
2043,310,281,284
2044,310,284,279
2045,310,284,278
2046,310,285,280
2047,310,284,284
2048,310,284,288
2049,310,286,289
2050,310,286,286
2051,310,284,284
2052,310,282,278
2053,310,282,278
2054,310,284,282
2055,310,286,286
2056,310,286,288
2057,310,284,288
2058,310,285,284
2059,310,284,281
2060,310,280,278
2061,310,281,280
2062,309,286,284
2063,310,288,288
2064,310,288,290
2065,310,285,286
2066,310,282,282
2067,310,281,280
2068,310,281,280
2069,310,282,282
2070,310,286,286
2071,310,290,288
2072,310,290,288
2073,310,285,284
2074,310,282,280
2075,310,278,280
2076,310,282,282
2077,310,285,284
2078,310,287,286
2079,310,287,288
2080,310,286,287
2081,310,284,282
2082,308,282,280
2083,310,282,279
2084,310,282,282
2085,310,285,286
2086,310,287,288
2087,310,286,286
2088,310,286,284
2089,310,286,282
2090,310,284,281
2091,310,282,282
2092,310,281,284
2093,310,284,286
2094,310,288,286
2095,310,290,284
2096,310,286,282
2097,310,284,284
2098,310,282,284
2099,310,282,284
2100,310,284,284
2101,310,286,284
2102,309,287,284
2103,310,288,284
2104,310,286,284
2105,310,282,281
2106,310,281,282
2107,310,284,284
2108,310,284,285
2109,310,285,286
2110,310,286,284
2111,310,286,284
2112,310,286,282
2113,310,286,284
2114,310,282,284
2115,310,281,285
2116,310,284,284
2117,310,286,284
2118,310,284,284
2119,310,284,284
2120,310,285,284
2121,310,286,284
2122,309,285,284
2123,310,284,284
2124,310,282,284
2125,310,285,284
2126,310,286,282
2127,310,286,282
2128,310,285,284
2129,310,285,284
2130,310,284,284
2131,310,284,284
2132,310,282,282
2133,310,284,284
2134,310,287,284
2135,310,288,284
2136,310,286,284
2137,310,284,285
2138,310,284,284
2139,310,284,282
2140,310,285,282
2141,310,284,282
2142,309,285,285
2143,310,288,286
2144,310,288,286
2145,310,284,284
2146,310,281,284
2147,310,282,282
2148,310,285,282
2149,310,287,284
2150,310,287,286
2151,311,286,288
2152,310,286,288
2153,310,284,282
2154,310,280,280
2155,310,280,280
2156,310,284,282
2157,310,288,286
2158,310,290,288
2159,310,288,288
2160,310,284,286
2161,310,282,281
2162,308,281,278
2163,310,281,280
2164,310,284,284
2165,310,288,288
2166,310,290,289
2167,310,288,287
2168,310,284,282
2169,310,280,280
2170,310,284,279
2171,310,284,280
2172,310,284,284
2173,310,285,292
2174,310,286,290
2175,310,288,286
2176,310,285,280
2177,310,284,278
2178,310,281,280
2179,310,286,284
2180,310,288,286
2181,310,287,290
2182,309,286,288
2183,310,284,285
2184,309,284,280
2185,309,282,278
2186,308,284,281
2187,309,285,286
2188,310,289,290
2189,309,288,288
2190,309,284,286
2191,309,282,281
2192,309,282,278
2193,309,284,279
2194,309,284,284
2195,308,286,288
2196,309,286,290
2197,309,288,288
2198,309,287,284
2199,309,282,280
2200,309,282,280
2201,309,284,281
2202,309,285,285
2203,310,286,288
2204,310,286,288
2205,310,286,285
2206,310,287,284
2207,310,284,282
2208,310,281,281
2209,310,281,284
2210,310,285,286
2211,310,288,286
2212,310,288,285
2213,310,286,284
2214,310,284,282
2215,310,282,282
2216,310,282,284
2217,310,284,284
2218,310,286,286
2219,310,290,286
2220,310,288,284
2221,310,284,284
2222,308,282,282
2223,310,282,284
2224,310,285,284
2225,310,286,286
2226,310,285,284
2227,310,285,284
2228,310,287,282
2229,310,286,282
2230,310,284,286
2231,310,284,288
2232,311,284,288
2233,310,284,284
2234,310,284,282
2235,310,282,278
2236,310,284,281
2237,310,287,284
2238,310,288,288
2239,310,286,290
2240,310,284,288
2241,310,282,284
2242,309,282,280
2243,310,282,280
2244,310,284,280
2245,310,286,288
2246,310,290,290
2247,310,290,288
2248,310,284,284
2249,310,280,281
2250,310,280,280
2251,310,284,281
2252,310,286,284
2253,310,286,288
2254,310,286,290
2255,310,287,288
2256,310,285,280
2257,310,282,278
2258,310,281,279
2259,310,284,284
2260,310,288,288
2261,310,289,290
2262,308,286,288
2263,310,281,284
2264,310,281,278
2265,310,282,276
2266,310,284,282
2267,310,286,288
2268,310,289,293
2269,310,288,290
2270,310,285,284
2271,310,279,276
2272,310,277,276
2273,310,282,280
2274,310,288,286
2275,310,290,290
2276,310,290,292
2277,310,286,288
2278,310,280,282
2279,310,278,277
2280,310,278,276
2281,310,284,284
2282,308,290,290
2283,310,292,290
2284,310,287,288
2285,310,284,282
2286,310,281,278
2287,310,281,278
2288,310,282,282
2289,310,284,286
2290,310,284,290
2291,310,288,290
2292,311,288,285
2293,310,284,282
2294,310,282,279
2295,310,284,281
2296,310,284,284
2297,310,285,288
2298,310,284,288
2299,310,284,286
2300,310,285,284
2301,310,284,280
2302,308,284,282
2303,310,284,285
2304,310,286,288
2305,310,286,288
2306,310,284,286
2307,310,284,282
2308,310,282,279
2309,310,285,280
2310,310,286,285
2311,310,284,288
2312,310,284,288
2313,310,284,286
2314,310,284,284
2315,310,284,281
2316,310,284,281
2317,310,284,284
2318,310,286,288
2319,310,286,288
2320,310,284,284
2321,310,282,284
2322,309,284,282
2323,310,286,282
2324,310,286,284
2325,310,285,286
2326,310,284,286
2327,310,284,286
2328,310,284,284
2329,310,282,282
2330,310,285,282
2331,310,288,284
2332,310,289,286
2333,310,286,287
2334,310,284,284
2335,310,280,282
2336,310,281,280
2337,310,284,281
2338,310,285,284
2339,310,287,288
2340,310,289,289
2341,310,286,287
2342,309,282,284
2343,308,278,280
2344,308,278,280
2345,308,284,282
2346,309,287,288
2347,308,286,288
2348,309,284,288
2349,309,284,284
2350,308,282,282
2351,308,280,282
2352,310,280,284
2353,309,282,286
2354,309,285,286
2355,309,286,287
2356,308,284,284
2357,309,284,284
2358,309,284,282
2359,309,284,282
2360,308,281,284
2361,308,282,284
2362,308,284,286
2363,310,286,286
2364,310,286,285
2365,310,284,282
2366,310,284,284
2367,310,285,284
2368,310,286,284
2369,310,284,284
2370,310,284,284
2371,310,284,284
2372,310,284,284
2373,310,286,284
2374,310,284,286
2375,310,284,286
2376,310,285,285
2377,310,284,282
2378,310,284,280
2379,310,284,282
2380,310,284,285
2381,310,286,288
2382,309,286,288
2383,310,284,284
2384,310,284,282
2385,310,284,280
2386,310,284,282
2387,310,284,284
2388,310,284,286
2389,310,288,288
2390,310,288,286
2391,310,285,284
2392,310,282,279
2393,310,280,280
2394,310,284,282
2395,310,287,286
2396,310,286,288
2397,310,284,288
2398,310,284,284
2399,310,284,281
2400,310,284,279
2401,310,284,280
2402,309,285,284
2403,310,288,289
2404,310,286,290
2405,310,282,286
2406,310,280,282
2407,310,284,279
2408,310,286,280
2409,310,286,283
2410,310,286,286
2411,310,284,288
2412,311,284,288
2413,310,284,284
2414,310,281,282
2415,310,284,282
2416,310,286,282
2417,310,288,284
2418,310,286,286
2419,310,284,286
2420,310,282,284
2421,310,284,282
2422,308,284,282
2423,310,284,282
2424,310,284,284
2425,310,286,286
2426,310,286,286
2427,310,284,286
2428,310,282,284
2429,310,280,282
2430,310,284,282
2431,310,288,284
2432,310,288,284
2433,310,287,285
2434,310,286,284
2435,310,282,284
2436,310,279,282
2437,310,280,282
2438,310,284,284
2439,310,288,284
2440,310,288,284
2441,310,284,284
2442,308,284,284
2443,310,284,282
2444,310,284,284
2445,310,284,284
2446,310,284,286
2447,310,284,284
2448,310,285,284
2449,310,286,282
2450,310,284,282
2451,310,286,284
2452,310,288,284
2453,310,286,284
2454,310,281,284
2455,310,279,284
2456,310,282,284
2457,310,288,284
2458,310,290,284
2459,310,286,284
2460,310,284,286
2461,310,284,284
2462,309,284,282
2463,310,284,281
2464,310,284,282
2465,310,284,285
2466,310,287,286
2467,310,288,284
2468,310,285,284
2469,310,284,284
2470,310,284,282
2471,310,284,280
2472,311,284,284
2473,310,284,286
2474,310,286,286
2475,310,286,284
2476,310,286,283
2477,310,284,280
2478,310,282,282
2479,310,286,284
2480,310,288,286
2481,310,286,287
2482,309,284,286
2483,310,282,284
2484,310,282,280
2485,310,284,278
2486,310,284,279
2487,310,286,286
2488,310,289,288
2489,310,288,288
2490,310,284,284
2491,310,280,282
2492,310,281,280
2493,310,284,281
2494,310,286,284
2495,310,286,286
2496,310,286,287
2497,310,286,286
2498,310,284,282
2499,310,282,280
2500,310,282,280
2501,310,285,284
2502,308,288,286
2503,310,287,289
2504,309,284,287
2505,308,281,284
2506,309,284,280
2507,308,284,278
2508,308,286,282
2509,309,286,286
2510,309,287,288
2511,309,286,286
2512,309,284,284
2513,309,282,279
2514,309,282,280
2515,308,285,284
2516,309,286,287
2517,309,284,289
2518,309,285,287
2519,309,286,284
2520,309,285,280
2521,309,284,280
2522,309,284,282
2523,310,284,285
2524,310,288,287
2525,310,286,286
2526,310,282,285
2527,310,282,284
2528,310,284,282
2529,310,286,282
2530,310,286,284
2531,310,286,285
2532,311,284,284
2533,310,286,284
2534,310,285,282
2535,310,284,284
2536,310,284,284
2537,310,286,284
2538,310,286,284
2539,310,284,284
2540,310,284,284
2541,310,284,285
2542,309,287,286
2543,310,287,284
2544,310,284,284
2545,310,282,282
2546,310,284,282
2547,310,286,282
2548,310,286,284
2549,310,286,285
2550,310,285,286
2551,310,286,286
2552,310,284,284
2553,310,280,282
2554,310,280,282
2555,310,284,282
2556,310,288,284
2557,310,288,285
2558,310,286,286
2559,310,284,286
2560,310,284,284
2561,310,284,282
2562,309,282,281
2563,310,282,284
2564,310,286,284
2565,310,288,285
2566,310,287,285
2567,310,286,284
2568,310,284,284
2569,310,284,284
2570,310,284,284
2571,310,282,282
2572,310,284,284
2573,310,286,285
2574,310,287,284
2575,310,286,284
2576,310,285,282
2577,310,284,284
2578,310,284,286
2579,310,284,286
2580,310,284,284
2581,310,284,284
2582,309,285,282
2583,310,286,282
2584,310,285,284
2585,310,284,284
2586,310,284,286
2587,310,286,286
2588,310,286,284
2589,310,284,282
2590,310,284,282
2591,310,286,282
2592,311,286,284
2593,310,284,285
2594,310,284,286
2595,310,285,286
2596,310,286,284
2597,310,285,284
2598,310,284,280
2599,310,282,281
2600,310,285,282
2601,310,286,285
2602,308,286,288
2603,310,286,287
2604,310,286,284
2605,310,285,282
2606,310,284,282
2607,310,281,281
2608,310,282,284
2609,310,287,286
2610,310,288,286
2611,310,286,286
2612,310,284,284
2613,310,284,281
2614,310,284,280
2615,310,284,282
2616,310,284,284
2617,310,284,288
2618,310,286,288
2619,310,285,284
2620,310,284,282
2621,310,284,280
2622,309,284,282
2623,310,286,284
2624,310,286,288
2625,310,284,286
2626,310,284,284
2627,310,285,280
2628,310,284,280
2629,310,282,284
2630,310,284,286
2631,310,286,288
2632,310,289,287
2633,310,288,286
2634,310,284,282
2635,310,280,281
2636,310,281,280
2637,310,284,282
2638,310,285,284
2639,310,288,288
2640,310,290,288
2641,310,288,286
2642,308,282,282
2643,310,278,280
2644,310,278,280
2645,310,285,284
2646,310,289,286
2647,310,289,288
2648,310,288,287
2649,310,284,284
2650,310,284,281
2651,310,282,281
2652,311,282,284
2653,310,281,286
2654,310,284,288
2655,310,286,286
2656,310,286,284
2657,310,286,281
2658,310,286,282
2659,310,284,284
2660,310,284,286
2661,310,282,286
2662,308,282,286
2663,309,286,285
2664,309,288,284
2665,308,286,281
2666,309,285,282
2667,308,285,284
2668,309,286,286
2669,308,286,286
2670,309,285,284
2671,309,284,284
2672,308,285,284
2673,309,286,282
2674,309,284,282
2675,308,284,285
2676,309,286,288
2677,309,288,288
2678,309,287,284
2679,308,285,280
2680,308,282,279
2681,309,282,282
2682,309,284,284
2683,310,286,286
2684,310,288,288
2685,310,288,288
2686,310,285,284
2687,310,282,281
2688,310,282,278
2689,310,282,282
2690,310,286,286
2691,310,288,289
2692,310,285,288
2693,310,284,284
2694,310,284,280
2695,310,284,280
2696,310,284,282
2697,310,284,285
2698,310,285,288
2699,310,286,288
2700,310,284,286
2701,310,281,280
2702,308,281,280
2703,310,286,281
2704,310,288,284
2705,310,286,286
2706,310,284,288
2707,310,282,286
2708,310,284,284
2709,310,284,282
2710,310,284,280
2711,310,284,284
2712,311,286,286
2713,310,286,286
2714,310,285,286
2715,310,284,284
2716,310,284,282
2717,310,284,282
2718,310,284,282
2719,310,282,284
2720,310,284,288
2721,310,287,287
2722,308,288,284
2723,310,286,282
2724,310,284,280
2725,310,282,284
2726,310,284,286
2727,310,286,288
2728,310,286,286
2729,310,285,284
2730,310,284,282
2731,310,282,282
2732,310,281,282
2733,310,284,284
2734,310,288,286
2735,310,290,288
2736,310,288,286
2737,310,282,282
2738,310,279,280
2739,310,280,280
2740,310,284,284
2741,310,286,286
2742,309,288,288
2743,310,289,288
2744,310,286,286
2745,310,281,282
2746,310,278,280
2747,310,278,281
2748,310,284,284
2749,310,286,286
2750,310,287,288
2751,310,287,286
2752,310,286,284
2753,310,284,282
2754,310,284,282
2755,310,282,284
2756,310,280,286
2757,310,284,286
2758,310,285,286
2759,310,286,285
2760,310,287,282
2761,310,287,282
2762,309,285,284
2763,310,284,287
2764,310,282,286
2765,310,281,284
2766,310,284,282
2767,310,285,282
2768,310,286,284
2769,310,287,286
2770,310,288,286
2771,310,287,286
2772,311,284,284
2773,310,279,280
2774,310,278,280
2775,310,284,282
2776,310,288,286
2777,310,288,288
2778,310,288,288
2779,310,286,285
2780,310,284,282
2781,310,279,280
2782,309,279,279
2783,310,281,282
2784,310,288,288
2785,310,290,289
2786,310,287,288
2787,310,284,285
2788,310,282,282
2789,310,281,280
2790,310,281,281
2791,310,284,284
2792,310,286,288
2793,310,288,288
2794,310,286,286
2795,310,282,284
2796,310,280,280
2797,310,284,282
2798,310,286,284
2799,310,286,288
2800,310,286,288
2801,310,284,286
2802,308,284,282
2803,310,284,282
2804,310,282,282
2805,310,284,284
2806,310,286,285
2807,310,286,286
2808,310,286,286
2809,310,285,284
2810,310,284,284
2811,310,286,284
2812,310,284,284
2813,310,282,284
2814,310,282,286
2815,310,285,284
2816,310,286,284
2817,310,286,284
2818,310,286,282
2819,310,284,282
2820,310,284,284
2821,310,284,284
2822,309,282,284
2823,310,284,286
2824,309,286,285
2825,309,286,284
2826,309,284,284
2827,309,284,284
2828,309,284,282
2829,308,284,282
2830,308,285,284
2831,308,286,284
2832,310,286,284
2833,309,286,284
2834,309,284,284
2835,308,281,284
2836,308,282,284
2837,309,284,284
2838,308,288,285
2839,309,288,285
2840,309,285,284
2841,309,284,284
2842,308,284,282
2843,310,284,284
2844,310,284,284
2845,310,284,284
2846,310,286,284
2847,310,286,284
2848,310,285,284
2849,310,284,284
2850,310,284,284
2851,310,286,284
2852,310,285,284
2853,310,282,285
2854,310,282,285
2855,310,285,284
2856,310,286,282
2857,310,286,282
2858,310,285,284
2859,310,284,286
2860,310,286,284
2861,310,285,284
2862,309,284,284
2863,310,284,284
2864,310,285,284
2865,310,287,284
2866,310,287,286
2867,310,286,284
2868,310,284,284
2869,310,286,281
2870,310,285,282
2871,310,282,286
2872,310,282,287
2873,310,284,286
2874,310,286,284
2875,310,286,284
2876,310,284,282
2877,310,284,284
2878,310,284,284
2879,310,284,284
2880,310,282,286
2881,310,284,286
2882,309,285,284
2883,310,286,282
2884,310,285,282
2885,310,284,284
2886,310,284,284
2887,310,286,285
2888,310,286,285
2889,310,284,285
2890,310,282,284
2891,310,284,282
2892,311,286,281
2893,310,286,282
2894,310,286,284
2895,310,284,286
2896,310,286,286
2897,310,285,282
2898,310,282,282
2899,310,282,282
2900,310,284,284
2901,310,286,284
2902,308,286,286
2903,310,286,286
2904,310,284,284
2905,310,284,282
2906,310,284,280
2907,310,282,281
2908,310,284,284
2909,310,288,286
2910,310,288,286
2911,310,284,287
2912,310,282,284
2913,310,281,282
2914,310,286,281
2915,310,288,282
2916,310,286,284
2917,310,284,286
2918,310,284,286
2919,310,284,285
2920,310,284,284
2921,310,284,282
2922,308,284,282
2923,310,286,284
2924,310,287,284
2925,310,284,284
2926,310,284,284
2927,310,284,284
2928,310,284,282
2929,310,282,282
2930,310,284,282
2931,310,286,284
2932,310,289,286
2933,310,288,286
2934,310,284,284
2935,310,280,282
2936,310,281,281
2937,310,282,282
2938,310,284,284
2939,310,286,286
2940,310,287,286
2941,310,288,284
2942,308,287,282
2943,310,284,280
2944,310,281,284
2945,310,284,284
2946,310,284,285
2947,310,284,284
2948,310,285,284
2949,310,286,282
2950,310,288,284
2951,310,286,285
2952,311,284,284
2953,310,282,285
2954,310,284,284
2955,310,285,284
2956,310,284,282
2957,310,284,282
2958,310,285,284
2959,310,286,286
2960,310,286,285
2961,310,284,284
2962,308,282,284
2963,310,285,284
2964,310,285,282
2965,310,284,282
2966,310,282,284
2967,310,284,285
2968,310,287,284
2969,310,288,284
2970,310,285,282
2971,310,282,284
2972,310,282,284
2973,310,284,285
2974,310,282,284
2975,310,284,284
2976,310,286,284
2977,310,288,282
2978,310,288,282
2979,310,285,282
2980,310,282,284
2981,310,282,285
2982,309,284,285
2983,309,284,282
2984,309,284,284
2985,308,286,284
2986,309,286,284
2987,309,286,284
2988,308,286,284
2989,309,284,286
2990,309,284,286
2991,309,282,284
2992,309,281,281
2993,309,284,280
2994,309,286,282
2995,309,288,288
2996,309,287,290
2997,309,284,288
2998,309,284,284
2999,309,282,282
3000,308,282,281
3001,309,280,281
3002,309,284,284
3003,310,289,286
3004,310,290,286
3005,310,286,286
3006,310,284,284
3007,310,280,282
3008,310,282,281
3009,310,282,282
3010,310,284,286
3011,310,286,288
3012,311,288,288
3013,310,286,286
3014,310,284,284
3015,310,282,280
3016,310,282,279
3017,310,285,282
3018,310,285,288
3019,310,284,290
3020,310,284,288
3021,310,286,282
3022,309,286,280
3023,310,284,281
3024,310,282,284
3025,310,284,286
3026,310,288,288
3027,310,288,287
3028,310,284,284
3029,310,282,281
3030,310,282,280
3031,310,284,282
3032,310,285,285
3033,310,288,288
3034,310,288,288
3035,310,286,286
3036,310,284,282
3037,310,280,280
3038,310,282,280
3039,310,286,282
3040,310,288,285
3041,310,286,288
3042,309,285,288
3043,310,284,285
3044,310,284,282
3045,310,284,280
3046,310,281,282
3047,310,281,284
3048,310,286,286
3049,310,288,286
3050,310,288,286
3051,310,286,284
3052,310,284,282
3053,310,282,282
3054,310,282,284
3055,310,282,284
3056,310,286,286
3057,310,290,286
3058,310,289,286
3059,310,284,286
3060,310,280,284
3061,310,280,282
3062,309,284,282
3063,310,286,282
3064,310,286,284
3065,310,286,288
3066,310,287,286
3067,310,285,284
3068,310,282,282
3069,310,282,282
3070,310,282,284
3071,310,284,284
3072,311,286,285
3073,310,286,284
3074,310,286,286
3075,310,286,284
3076,310,284,282
3077,310,282,282
3078,310,282,284
3079,310,284,286
3080,310,288,288
3081,310,288,287
3082,309,285,284
3083,310,284,284
3084,310,282,282
3085,310,284,282
3086,310,284,284
3087,310,286,286
3088,310,288,288
3089,310,288,287
3090,310,285,284
3091,310,282,280
3092,310,280,281
3093,310,284,284
3094,310,285,286
3095,310,286,286
3096,310,288,286
3097,310,287,284
3098,310,285,284
3099,310,284,282
3100,310,281,282
3101,310,280,284
3102,308,285,286
3103,310,286,285
3104,310,285,284
3105,310,285,282
3106,310,286,284
3107,310,285,284
3108,310,284,285
3109,310,282,284
3110,310,282,284
3111,310,285,284
3112,310,286,284
3113,310,284,282
3114,310,284,284
3115,310,286,286
3116,310,286,286
3117,310,284,286
3118,310,282,282
3119,310,280,281
3120,310,284,282
3121,310,286,284
3122,309,285,286
3123,310,285,288
3124,310,286,286
3125,310,286,284
3126,310,284,281
3127,310,281,280
3128,310,279,282
3129,310,284,286
3130,310,287,286
3131,310,288,287
3132,311,286,285
3133,310,284,282
3134,310,284,280
3135,310,282,281
3136,310,284,284
3137,310,284,286
3138,310,288,288
3139,310,287,286
3140,310,284,284
3141,310,282,282
3142,308,284,282
3143,308,284,282
3144,308,284,284
3145,309,284,285
3146,309,284,286
3147,309,286,286
3148,309,286,284
3149,309,282,282
3150,309,282,282
3151,309,284,282
3152,309,286,284
3153,309,286,285
3154,309,285,286
3155,310,284,286
3156,309,284,284
3157,309,284,281
3158,309,282,280
3159,309,284,284
3160,309,288,286
3161,309,288,286
3162,309,285,286
3163,310,284,286
3164,310,280,284
3165,310,284,282
3166,310,286,282
3167,310,286,282
3168,310,286,285
3169,310,286,286
3170,310,286,286
3171,310,284,285
3172,310,284,284
3173,310,284,284
3174,310,285,284
3175,310,285,284
3176,310,284,284
3177,310,286,285
3178,310,288,284
3179,310,288,284
3180,310,284,284
3181,310,282,284
3182,309,280,284
3183,310,284,284
3184,310,286,284
3185,310,286,284
3186,310,286,284
3187,310,286,285
3188,310,284,284
3189,310,284,284
3190,310,284,284
3191,310,284,284
3192,311,285,284
3193,310,284,286
3194,310,284,284
3195,310,284,284
3196,310,288,284
3197,310,288,284
3198,310,285,285
3199,310,284,286
3200,310,282,284
3201,310,284,284
3202,308,284,284
3203,310,284,282
3204,310,286,284
3205,310,288,284
3206,310,287,286
3207,310,284,286
3208,310,284,284
3209,310,284,284
3210,310,284,282
3211,310,284,284
3212,310,284,284
3213,310,284,286
3214,310,289,286
3215,310,290,285
3216,310,286,284
3217,310,284,284
3218,310,281,282
3219,310,280,282
3220,310,282,284
3221,310,286,284
3222,308,288,286
3223,310,290,286
3224,310,286,286
3225,310,282,284
3226,310,280,284
3227,310,282,282
3228,310,284,284
3229,310,286,286
3230,310,286,285
3231,310,285,286
3232,310,287,284
3233,310,286,284
3234,310,284,282
3235,310,282,284
3236,310,284,284
3237,310,284,285
3238,310,285,286
3239,310,286,284
3240,310,286,284
3241,310,287,284
3242,308,286,284
3243,310,284,284
3244,310,282,286
3245,310,284,284
3246,310,284,284
3247,310,286,284
3248,310,285,282
3249,310,284,282
3250,310,286,284
3251,310,285,284
3252,311,284,286
3253,310,284,286
3254,310,286,284
3255,310,286,282
3256,310,284,282
3257,310,282,282
3258,310,282,284
3259,310,286,284
3260,310,288,285
3261,310,286,285
3262,309,284,284
3263,310,284,284
3264,310,282,282
3265,310,282,282
3266,310,284,284
3267,310,284,284
3268,310,288,284
3269,310,288,284
3270,310,284,282
3271,310,284,282
3272,310,284,284
3273,310,284,285
3274,310,282,285
3275,310,284,284
3276,310,284,282
3277,310,287,282
3278,310,288,284
3279,310,286,284
3280,310,284,287
3281,310,284,286
3282,308,284,284
3283,310,282,280
3284,310,284,279
3285,310,284,280
3286,310,288,284
3287,310,288,286
3288,310,286,288
3289,310,286,288
3290,310,285,284
3291,310,282,280
3292,310,279,279
3293,310,280,280
3294,310,284,284
3295,310,290,287
3296,310,292,288
3297,310,287,286
3298,310,282,284
3299,310,282,280
3300,310,281,279
3301,310,282,283
3302,308,284,286
3303,309,287,289
3304,309,292,285
3305,309,290,282
3306,308,284,278
3307,308,282,278
3308,309,284,278
3309,309,285,282
3310,309,286,284
3311,309,287,286
3312,310,288,284
3313,309,286,280
3314,308,284,278
3315,309,284,278
3316,309,284,282
3317,309,290,284
3318,309,290,284
3319,309,285,282
3320,310,282,280
3321,309,280,281
3322,309,284,282
3323,310,288,284
3324,310,290,286
3325,310,288,288
3326,310,286,286
3327,310,282,282
3328,310,280,280
3329,310,281,280
3330,310,285,282
3331,310,288,286
3332,310,289,288
3333,310,286,286
3334,310,284,284
3335,310,284,282
3336,310,284,280
3337,310,282,282
3338,310,284,284
3339,310,286,286
3340,310,288,287
3341,310,287,286
3342,308,285,280
3343,310,284,280
3344,310,284,281
3345,310,284,284
3346,310,284,286
3347,310,284,286
3348,310,285,284
3349,310,287,282
3350,310,286,282
3351,310,284,282
3352,310,282,284
3353,310,285,286
3354,310,286,286
3355,310,284,284
3356,310,284,282
3357,310,286,281
3358,310,286,282
3359,310,284,284
3360,310,284,286
3361,310,282,287
3362,308,285,286
3363,310,285,282
3364,310,284,281
3365,310,284,282
3366,310,286,284
3367,310,288,285
3368,310,286,286
3369,310,284,286
3370,310,279,284
3371,310,282,282
3372,311,284,280
3373,310,286,282
3374,310,287,284
3375,310,289,286
3376,310,288,286
3377,310,284,284
3378,310,281,282
3379,310,280,282
3380,310,284,284
3381,310,285,284
3382,309,284,284
3383,310,285,286
3384,310,288,284
3385,310,288,284
3386,310,284,282
3387,310,282,282
3388,310,282,284
3389,310,284,285
3390,310,286,286
3391,310,284,284
3392,310,284,285
3393,310,286,284
3394,310,286,281
3395,310,284,282
3396,310,284,284
3397,310,284,287
3398,310,286,287
3399,310,286,284
3400,310,284,282
3401,310,284,282
3402,309,284,282
3403,310,286,282
3404,310,285,286
3405,310,285,288
3406,310,284,286
3407,310,286,283
3408,310,284,281
3409,310,281,280
3410,310,282,284
3411,310,287,285
3412,310,288,287
3413,310,286,288
3414,310,284,286
3415,310,282,284
3416,310,284,280
3417,310,285,278
3418,310,284,280
3419,310,284,286
3420,310,287,290
3421,310,288,288
3422,308,284,284
3423,310,284,282
3424,310,280,280
3425,310,282,282
3426,310,284,284
3427,310,287,287
3428,310,288,288
3429,310,288,284
3430,310,285,280
3431,310,280,280
3432,311,280,282
3433,310,284,286
3434,310,288,288
3435,310,288,288
3436,310,286,284
3437,310,282,282
3438,310,282,280
3439,310,284,280
3440,310,285,282
3441,310,286,286
3442,309,287,288
3443,310,285,288
3444,310,284,285
3445,310,280,280
3446,310,280,280
3447,310,285,282
3448,310,288,286
3449,310,287,289
3450,310,286,290
3451,310,286,286
3452,310,284,282
3453,310,282,280
3454,310,281,280
3455,310,282,284
3456,310,286,288
3457,310,288,290
3458,310,286,288
3459,310,285,284
3460,310,284,280
3461,310,284,280
3462,308,282,284
3463,308,284,286
3464,308,284,288
3465,309,287,288
3466,308,286,284
3467,308,284,282
3468,309,282,280
3469,309,284,282
3470,309,286,285
3471,309,287,288
3472,309,285,288
3473,309,282,286
3474,309,284,282
3475,309,284,280
3476,309,282,280
3477,309,284,284
3478,309,288,288
3479,309,288,288
3480,310,288,286
3481,309,284,282
3482,309,281,280
3483,310,282,281
3484,310,284,284
3485,310,284,285
3486,310,286,288
3487,310,287,286
3488,310,286,284
3489,310,284,280
3490,310,284,280
3491,310,282,284
3492,311,284,287
3493,310,285,288
3494,310,284,286
3495,310,284,284
3496,310,285,282
3497,310,286,282
3498,310,286,282
3499,310,284,284
3500,310,284,286
3501,310,284,287
3502,308,284,284
3503,310,284,282
3504,310,286,282
3505,310,288,284
3506,310,288,284
3507,310,284,284
3508,310,282,285
3509,310,280,286
3510,310,284,286
3511,310,286,284
3512,310,286,281
3513,310,286,282
3514,310,285,284
3515,310,284,286
3516,310,284,286
3517,310,284,284
3518,310,284,284
3519,310,286,284
3520,310,285,285
3521,310,284,284
3522,309,284,285
3523,310,286,284
3524,310,286,284
3525,310,285,284
3526,310,284,282
3527,310,284,282
3528,310,286,285
3529,310,285,286
3530,310,284,284
3531,310,282,284
3532,310,286,284
3533,310,286,282
3534,310,285,284
3535,310,285,285
3536,310,284,286
3537,310,284,286
3538,310,284,284
3539,310,284,281
3540,310,282,282
3541,308,284,282
3542,309,286,284
3543,308,286,286
3544,308,286,288
3545,310,286,286
3546,308,284,284
3547,308,282,282
3548,308,281,280
3549,308,281,282
3550,308,286,284
3551,310,288,286
3552,311,287,287
3553,308,284,284
3554,308,284,282
3555,310,284,282
3556,308,284,282
3557,308,282,284
3558,308,282,286
3559,310,286,286
3560,308,286,284
3561,310,285,282
3562,309,285,282
3563,310,284,284
3564,308,284,285
3565,308,284,286
3566,308,284,286
3567,308,282,284
3568,308,284,281
3569,308,286,280
3570,308,286,282
3571,308,286,286
3572,310,288,288
3573,308,286,289
3574,308,284,286
3575,308,282,282
3576,310,280,279
3577,308,284,280
3578,308,286,282
3579,308,288,287
3580,308,288,290
3581,308,288,290
3582,309,286,284
3583,308,282,282
3584,310,279,278
3585,308,278,279
3586,308,284,284
3587,310,290,288
3588,308,290,290
3589,310,288,289
3590,308,286,284
3591,308,282,280
3592,308,278,278
3593,310,279,280
3594,308,284,286
3595,310,289,290
3596,310,292,290
3597,310,288,286
3598,310,284,282
3599,308,282,280
3600,308,282,280
3601,308,281,282
3602,308,284,288
3603,308,285,288
3604,308,288,288
3605,310,288,284
3606,310,284,280
3607,310,284,281
3608,310,284,284
3609,308,284,286
3610,308,285,288
3611,308,285,286
3612,311,284,284
3613,308,284,280
3614,308,284,280
3615,308,282,281
3616,308,284,286
3617,308,289,288
3618,308,289,288
3619,308,286,286
3620,308,280,282
3621,308,278,279
3622,308,282,278
3623,309,286,279
3624,309,288,282
3625,308,288,290
3626,309,288,288
3627,309,284,284
3628,309,278,276
3629,308,277,274
3630,308,280,277
3631,309,286,284
3632,308,290,288
3633,309,289,288
3634,309,286,286
3635,308,282,280
3636,309,280,274
3637,308,278,274
3638,309,281,280
3639,308,284,286
3640,308,288,290
3641,309,290,288
3642,309,286,284
3643,308,282,280
3644,308,282,279
3645,308,281,280
3646,308,284,284
3647,308,285,288
3648,308,288,289
3649,308,288,286
3650,308,286,282
3651,308,282,278
3652,308,282,280
3653,308,284,284
3654,308,285,288
3655,308,285,290
3656,308,285,288
3657,308,285,284
3658,308,284,280
3659,308,284,278
3660,308,282,278
3661,308,284,284
3662,308,288,289
3663,310,288,290
3664,308,284,286
3665,308,281,282
3666,308,282,278
3667,308,284,280
3668,308,285,284
3669,310,286,286
3670,308,286,288
3671,308,286,288
3672,311,284,284
3673,308,281,282
3674,308,280,280
3675,308,284,280
3676,308,285,284
3677,308,287,288
3678,308,286,288
3679,310,285,286
3680,308,286,284
3681,308,284,280
3682,309,280,282
3683,308,280,284
3684,308,284,284
3685,308,286,286
3686,308,289,286
3687,308,288,284
3688,308,286,284
3689,308,285,284
3690,308,284,284
3691,308,280,284
3692,308,282,285
3693,308,286,284
3694,308,287,284
3695,308,286,284
3696,310,285,284
3697,308,284,284
3698,308,286,285
3699,308,285,284
3700,308,282,284
3701,310,281,284
3702,308,282,284
3703,310,284,284
3704,308,285,284
3705,308,287,284
3706,308,286,286
3707,308,288,286
3708,308,284,284
3709,308,280,284
3710,308,279,282
3711,308,282,282
3712,308,286,284
3713,308,288,286
3714,308,288,288
3715,308,286,287
3716,308,286,284
3717,308,284,280
3718,308,280,280
3719,308,279,282
3720,308,284,285
3721,310,288,288
3722,309,290,288
3723,308,288,285
3724,308,284,284
3725,308,282,282
3726,308,282,282
3727,308,282,282
3728,308,284,285
3729,308,288,286
3730,308,288,286
3731,310,286,284
3732,311,284,282
3733,308,282,282
3734,308,284,284
3735,308,284,284
3736,310,284,284
3737,308,284,286
3738,310,286,286
3739,308,287,284
3740,308,286,282
3741,308,284,282
3742,308,281,284
3743,308,284,286
3744,308,286,288
3745,308,286,286
3746,308,286,284
3747,308,286,282
3748,308,284,282
3749,308,282,284
3750,308,282,285
3751,308,286,286
3752,308,289,286
3753,308,288,286
3754,308,282,284
3755,308,280,284
3756,310,284,284
3757,308,287,282
3758,308,286,284
3759,308,285,284
3760,308,284,285
3761,308,284,286
3762,308,286,286
3763,308,285,284
3764,308,284,284
3765,308,285,282
3766,308,284,282
3767,308,282,284
3768,308,284,285
3769,308,288,286
3770,308,290,286
3771,308,288,286
3772,308,282,282
3773,308,279,282
3774,308,282,282
3775,308,286,282
3776,308,286,284
3777,308,288,287
3778,308,288,286
3779,308,286,284
3780,308,284,282
3781,308,281,280
3782,309,281,282
3783,308,286,285
3784,309,287,288
3785,308,286,288
3786,308,285,286
3787,308,284,282
3788,308,284,280
3789,308,284,281
3790,309,284,282
3791,309,284,286
3792,310,288,288
3793,309,286,286
3794,309,284,285
3795,308,282,284
3796,309,284,282
3797,308,285,282
3798,309,286,285
3799,308,284,286
3800,308,284,286
3801,309,286,284
3802,308,286,282
3803,308,282,282
3804,308,282,284
3805,308,285,286
3806,308,288,286
3807,308,288,286
3808,308,285,284
3809,310,282,282
3810,308,284,281
3811,308,284,282
3812,308,284,284
3813,308,286,286
3814,308,288,286
3815,308,288,285
3816,308,284,284
3817,308,284,282
3818,308,281,284
3819,308,284,284
3820,308,286,285
3821,308,286,286
3822,309,285,286
3823,308,286,284
3824,308,285,284
3825,308,284,284
3826,308,282,284
3827,308,282,284
3828,308,286,284
3829,308,286,284
3830,308,286,284
3831,308,286,284
3832,310,286,284
3833,308,284,286
3834,310,284,286
3835,308,284,284
3836,308,284,282
3837,308,285,281
3838,308,285,281
3839,308,285,284
3840,308,286,286
3841,308,289,287
3842,308,287,286
3843,310,284,284
3844,308,280,281
3845,308,280,280
3846,308,285,282
3847,308,288,286
3848,308,288,288
3849,308,286,289
3850,308,286,284
3851,308,284,280
3852,311,281,279
3853,308,280,280
3854,308,284,284
3855,308,288,288
3856,308,289,288
3857,308,286,286
3858,310,284,284
3859,308,284,280
3860,308,284,280
3861,308,284,282
3862,309,284,288
3863,308,284,290
3864,308,286,288
3865,308,287,284
3866,308,284,279
3867,308,282,280
3868,308,284,282
3869,308,286,284
3870,308,286,288
3871,310,285,288
3872,308,284,286
3873,308,284,282
3874,308,284,280
3875,308,284,280
3876,308,284,284
3877,308,286,287
3878,310,288,287
3879,308,286,285
3880,308,284,284
3881,308,282,282
3882,308,284,281
3883,308,285,282
3884,308,284,284
3885,308,285,288
3886,308,286,288
3887,308,285,285
3888,308,282,281
3889,308,282,280
3890,311,284,280
3891,308,286,284
3892,308,288,286
3893,308,286,286
3894,308,285,286
3895,308,284,284
3896,308,284,281
3897,308,281,280
3898,308,284,282
3899,308,286,286
3900,308,288,288
3901,311,289,287
3902,309,286,284
3903,311,282,282
3904,308,282,282
3905,308,282,282
3906,308,284,284
3907,308,286,286
3908,308,289,288
3909,308,288,287
3910,308,284,286
3911,308,280,280
3912,308,278,280
3913,308,284,281
3914,311,288,285
3915,308,288,288
3916,308,285,288
3917,308,284,286
3918,308,282,284
3919,308,282,281
3920,308,282,280
3921,308,284,284
3922,309,287,286
3923,308,288,286
3924,308,286,286
3925,308,284,284
3926,308,282,284
3927,311,282,284
3928,308,282,284
3929,308,284,284
3930,308,284,284
3931,308,288,286
3932,308,286,286
3933,308,284,285
3934,308,282,284
3935,308,284,282
3936,308,284,282
3937,308,284,284
3938,311,284,284
3939,308,284,285
3940,308,285,285
3941,308,286,284
3942,309,284,284
3943,309,284,285
3944,309,284,282
3945,308,284,282
3946,309,284,282
3947,309,286,282
3948,309,285,284
3949,309,286,284
3950,308,284,282
3951,310,280,282
3952,309,282,280
3953,309,286,282
3954,309,288,282
3955,308,287,284
3956,308,285,284
3957,309,281,282
3958,309,282,280
3959,308,284,280
3960,308,284,281
3961,308,286,286
3962,308,288,286
3963,308,287,285
3964,308,284,284
3965,308,282,284
3966,308,280,284
3967,308,284,284
3968,308,286,284
3969,308,286,284
3970,308,286,286
3971,308,286,284
3972,308,285,284
3973,308,282,284
3974,308,281,284
3975,308,284,284
3976,308,286,286
3977,308,287,286
3978,308,285,284
3979,308,284,284
3980,308,286,282
3981,308,285,282
3982,309,284,284
3983,308,284,286
3984,308,284,288
3985,308,286,286
3986,308,286,284
3987,308,284,280
3988,308,282,282
3989,308,284,282
3990,308,286,284
3991,308,286,286
3992,308,285,286
3993,308,285,285
3994,308,285,284
3995,308,284,282
3996,308,282,282
3997,308,282,284
3998,308,286,286
3999,308,288,285
4000,308,287,284
4001,308,284,284
4002,308,282,284
4003,308,284,284
4004,308,284,284
4005,308,284,282
4006,308,284,285
4007,308,286,286
4008,310,286,284
4009,308,284,284
4010,308,284,284
4011,311,284,284
4012,308,284,284
4013,308,284,284
4014,308,282,282
4015,308,284,284
4016,308,287,284
4017,308,288,284
4018,308,286,286
4019,308,284,286
4020,308,282,284
4021,308,282,282
4022,308,284,280
4023,308,285,280
4024,308,286,286
4025,308,289,289
4026,308,288,288
4027,308,282,285
4028,308,280,282
4029,308,281,278
4030,308,284,280
4031,308,286,284
4032,308,288,287
4033,308,286,289
4034,308,286,288
4035,308,284,284
4036,308,281,280
4037,308,281,280
4038,308,284,282
4039,308,287,285
4040,308,288,288
4041,308,286,287
4042,309,284,286
4043,308,284,282
4044,308,284,279
4045,308,282,280
4046,308,284,284
4047,308,286,288
4048,308,286,288
4049,308,286,286
4050,308,284,280
4051,308,282,278
4052,308,284,280
4053,308,285,284
4054,308,284,286
4055,308,286,288
4056,308,286,286
4057,308,284,284
4058,308,282,280
4059,308,281,280
4060,308,282,282
4061,308,286,284
4062,309,288,286
4063,308,286,286
4064,308,285,286
4065,308,284,284
4066,308,282,284
4067,308,280,282
4068,308,284,282
4069,308,284,284
4070,308,288,284
4071,311,288,286
4072,308,286,286
4073,308,284,285
4074,308,284,284
4075,308,282,282
4076,308,282,282
4077,308,282,282
4078,308,285,282
4079,308,289,285
4080,308,289,286
4081,308,285,286
4082,309,284,284
4083,308,282,280
4084,308,282,279
4085,308,282,280
4086,308,286,284
4087,308,287,287
4088,308,289,288
4089,308,286,286
4090,308,282,282
4091,308,279,280
4092,308,282,280
4093,308,286,282
4094,308,288,287
4095,308,288,289
4096,308,285,288
4097,308,284,284
4098,308,282,280
4099,308,280,278
4100,308,282,282
4101,308,287,285
4102,308,288,288
4103,309,287,288
4104,308,284,284
4105,309,282,280
4106,308,282,279
4107,308,284,282
4108,308,284,284
4109,308,286,288
4110,309,288,288
4111,309,286,286
4112,308,282,280
4113,309,282,278
4114,308,284,279
4115,308,288,284
4116,309,288,288
4117,308,284,289
4118,309,282,286
4119,308,282,282
4120,308,284,278
4121,308,284,278
4122,308,286,282
4123,308,288,286
4124,308,288,288
4125,308,285,287
4126,308,282,284
4127,308,280,280
4128,308,284,280
4129,308,286,282
4130,308,286,286
4131,311,286,288
4132,308,286,287
4133,308,286,284
4134,308,284,282
4135,308,284,278
4136,308,284,282
4137,308,286,284
4138,308,286,287
4139,308,285,288
4140,308,284,285
4141,308,286,282
4142,308,286,281
4143,308,284,282
4144,308,284,284
4145,308,282,286
4146,308,286,286
4147,308,286,284
4148,308,284,282
4149,308,284,282
4150,308,284,282
4151,308,287,282
4152,308,287,284
4153,308,284,284
4154,308,282,286
4155,308,284,286
4156,308,284,284
4157,308,284,284
4158,308,284,282
4159,308,286,284
4160,308,286,284
4161,308,286,285
4162,309,284,284
4163,308,282,284
4164,308,285,284
4165,308,284,282
4166,308,282,282
4167,308,282,284
4168,308,286,284
4169,308,288,286
4170,308,288,286
4171,308,284,285
4172,308,282,285
4173,308,284,284
4174,308,284,282
4175,308,284,282
4176,308,284,282
4177,308,287,284
4178,308,288,286
4179,308,286,286
4180,308,284,286
4181,308,281,284
4182,309,284,282
4183,308,284,281
4184,308,284,284
4185,308,285,285
4186,308,288,286
4187,308,287,286
4188,308,286,285
4189,308,282,284
4190,308,280,282
4191,311,284,282
4192,308,286,284
4193,308,284,284
4194,308,285,286
4195,308,286,286
4196,308,286,285
4197,308,284,284
4198,308,284,282
4199,308,284,282
4200,308,284,284
4201,308,284,284
4202,309,284,286
4203,308,284,286
4204,308,288,284
4205,308,289,282
4206,308,287,282
4207,308,282,284
4208,308,280,284
4209,308,282,284
4210,308,284,284
4211,308,284,284
4212,308,286,284
4213,308,288,284
4214,308,287,284
4215,308,284,284
4216,308,284,284
4217,308,281,286
4218,308,284,285
4219,308,284,284
4220,308,284,280
4221,308,285,282
4222,308,288,284
4223,308,289,286
4224,308,286,288
4225,308,284,286
4226,308,280,284
4227,308,282,282
4228,308,284,282
4229,308,284,281
4230,308,287,284
4231,308,289,286
4232,308,288,286
4233,308,284,285
4234,308,282,284
4235,308,281,282
4236,308,284,282
4237,308,285,284
4238,308,284,284
4239,308,285,288
4240,308,288,287
4241,308,287,284
4242,309,284,284
4243,309,282,281
4244,309,282,282
4245,308,284,284
4246,309,285,286
4247,308,284,286
4248,308,286,288
4249,309,286,286
4250,309,286,284
4251,311,284,281
4252,308,284,282
4253,309,284,284
4254,308,286,285
4255,309,286,286
4256,309,284,286
4257,309,284,286
4258,309,285,284
4259,309,285,282
4260,309,284,282
4261,309,284,284
4262,309,284,286
4263,309,286,286
4264,309,285,286
4265,308,284,282
4266,308,284,282
4267,308,286,280
4268,309,285,282
4269,308,284,286
4270,309,284,288
4271,309,284,288
4272,309,284,284
4273,308,284,282
4274,309,284,280
4275,310,282,282
4276,309,286,284
4277,308,286,288
4278,309,284,288
4279,309,284,286
4280,309,284,282
4281,309,284,280
4282,308,284,280
4283,308,282,282
4284,309,284,286
4285,309,288,288
4286,308,288,288
4287,309,284,286
4288,309,282,282
4289,309,282,279
4290,308,284,280
4291,309,284,284
4292,308,286,288
4293,309,286,290
4294,309,288,290
4295,309,284,284
4296,309,282,280
4297,309,282,280
4298,309,284,282
4299,309,286,286
4300,308,286,288
4301,308,285,288
4302,309,284,284
4303,309,285,282
4304,309,284,280
4305,309,282,284
4306,309,282,286
4307,309,286,288
4308,308,288,286
4309,309,286,284
4310,309,284,282
4311,311,282,281
4312,309,284,282
4313,309,284,284
4314,309,284,286
4315,309,286,286
4316,309,286,284
4317,309,286,282
4318,309,282,282
4319,309,282,284
4320,309,282,284
4321,309,286,286
4322,308,288,286
4323,309,286,284
4324,309,284,284
4325,309,282,282
4326,309,284,281
4327,309,284,282
4328,309,286,286
4329,309,286,288
4330,309,286,288
4331,309,284,284
4332,309,282,280
4333,309,284,280
4334,309,286,284
4335,309,287,286
4336,309,284,288
4337,309,284,286
4338,309,282,284
4339,309,284,281
4340,309,285,280
4341,309,286,281
4342,308,286,286
4343,309,288,287
4344,309,284,288
4345,309,281,286
4346,309,281,284
4347,309,284,280
4348,309,288,280
4349,309,288,284
4350,309,286,284
4351,309,284,288
4352,309,284,286
4353,309,284,284
4354,309,284,280
4355,309,282,281
4356,309,284,282
4357,309,286,286
4358,309,288,288
4359,309,287,286
4360,309,286,284
4361,309,284,282
4362,309,281,282
4363,309,279,282
4364,309,284,284
4365,309,287,286
4366,309,290,286
4367,309,288,286
4368,309,284,284
4369,309,280,284
4370,309,282,282
4371,311,284,282
4372,309,285,284
4373,309,285,286
4374,309,286,286
4375,309,286,284
4376,309,286,282
4377,309,284,280
4378,309,282,284
4379,309,284,286
4380,311,285,286
4381,309,284,285
4382,309,284,284
4383,309,286,282
4384,309,286,282
4385,309,285,284
4386,309,284,284
4387,309,282,286
4388,309,284,284
4389,309,285,284
4390,309,284,282
4391,309,284,284
4392,309,286,284
4393,309,286,285
4394,309,284,285
4395,309,281,284
4396,309,280,284
4397,309,284,282
4398,309,288,282
4399,309,286,284
4400,309,285,286
4401,309,284,285
4402,309,284,284
4403,309,284,284
4404,309,284,282
4405,309,284,284
4406,309,286,284
4407,309,286,284
4408,309,284,284
4409,309,282,284
4410,309,285,284
4411,309,286,282
4412,309,286,284
4413,309,284,284
4414,309,282,286
4415,309,285,286
4416,309,285,284
4417,309,284,284
4418,309,284,282
4419,309,284,282
4420,309,284,282
4421,309,285,282
4422,308,286,284
4423,309,286,286
4424,309,286,286
4425,308,284,284
4426,308,280,282
4427,308,280,282
4428,308,284,282
4429,308,287,284
4430,308,288,284
4431,310,287,284
4432,309,284,284
4433,309,282,284
4434,308,281,282
4435,309,280,282
4436,309,282,283
4437,308,286,284
4438,310,288,286
4439,309,286,286
4440,309,285,285
4441,309,284,284
4442,309,284,282
4443,309,284,281
4444,309,282,280
4445,309,284,284
4446,309,286,285
4447,309,288,286
4448,309,287,286
4449,309,284,284
4450,309,282,282
4451,309,282,282
4452,309,284,284
4453,309,284,284
4454,309,288,286
4455,309,289,286
4456,309,288,284
4457,309,282,282
4458,309,280,282
4459,309,280,284
4460,309,284,285
4461,309,286,286
4462,309,287,284
4463,309,288,284
4464,309,286,282
4465,309,284,282
4466,309,280,282
4467,309,280,284
4468,309,284,286
4469,309,288,286
4470,309,289,285
4471,309,286,282
4472,309,284,282
4473,309,284,282
4474,309,284,282
4475,309,284,284
4476,309,284,286
4477,309,287,286
4478,309,288,285
4479,309,286,284
4480,309,281,279
4481,309,280,282
4482,309,284,284
4483,309,288,288
4484,309,288,288
4485,309,286,286
4486,309,284,282
4487,309,282,280
4488,309,282,280
4489,309,282,282
4490,309,284,286
4491,311,288,288
4492,309,288,288
4493,309,284,284
4494,309,282,280
4495,311,282,279
4496,309,284,281
4497,309,286,284
4498,309,286,288
4499,309,285,289
4500,311,286,288
4501,309,284,282
4502,309,282,280
4503,309,281,280
4504,309,284,284
4505,311,286,286
4506,309,288,288
4507,309,287,286
4508,309,284,284
4509,309,284,282
4510,309,282,281
4511,309,281,284
4512,309,282,286
4513,309,287,288
4514,309,288,286
4515,309,286,284
4516,309,284,280
4517,309,282,280
4518,309,284,282
4519,309,285,286
4520,309,284,288
4521,309,284,288
4522,309,286,284
4523,309,286,280
4524,309,284,280
4525,309,284,282
4526,309,284,286
4527,309,288,289
4528,309,288,288
4529,309,284,284
4530,309,281,282
4531,309,281,279
4532,309,284,281
4533,309,286,284
4534,309,288,289
4535,309,287,290
4536,309,287,288
4537,309,284,282
4538,309,280,279
4539,309,280,280
4540,309,284,284
4541,309,288,286
4542,309,288,289
4543,309,286,288
4544,309,284,285
4545,309,284,280
4546,309,284,279
4547,309,282,282
4548,309,282,287
4549,309,286,289
4550,311,288,286
4551,311,286,284
4552,309,285,280
4553,309,284,282
4554,309,284,284
4555,311,284,286
4556,309,284,286
4557,309,285,288
4558,309,286,284
4559,309,286,282
4560,311,284,281
4561,309,284,284
4562,308,284,286
4563,309,287,288
4564,309,287,288
4565,309,284,284
4566,309,282,283
4567,309,284,280
4568,309,286,282
4569,309,286,284
4570,309,285,288
4571,309,284,288
4572,309,284,286
4573,309,284,282
4574,309,284,278
4575,309,284,280
4576,309,286,284
4577,309,287,287
4578,309,285,289
4579,309,284,288
4580,311,284,284
4581,309,284,280
4582,308,284,280
4583,308,282,282
4584,309,284,286
4585,309,287,288
4586,309,287,286
4587,308,284,284
4588,309,282,282
4589,309,282,282
4590,309,284,282
4591,309,286,286
4592,309,285,286
4593,309,284,287
4594,308,286,284
4595,309,284,282
4596,308,282,281
4597,308,282,282
4598,309,285,285
4599,309,288,286
4600,310,287,286
4601,309,284,284
4602,309,282,284
4603,309,284,283
4604,309,285,282
4605,311,284,282
4606,309,284,285
4607,309,286,286
4608,309,286,286
4609,309,285,284
4610,310,284,282
4611,310,282,282
4612,309,285,284
4613,309,286,284
4614,309,284,284
4615,311,284,286
4616,309,286,286
4617,309,287,284
4618,309,285,284
4619,309,282,284
4620,310,280,284
4621,309,284,284
4622,308,287,284
4623,309,286,284
4624,308,286,284
4625,309,286,286
4626,308,285,286
4627,308,284,286
4628,309,282,284
4629,309,280,284
4630,309,284,284
4631,308,288,284
4632,309,288,286
4633,309,288,286
4634,309,286,286
4635,309,284,282
4636,309,281,281
4637,309,280,282
4638,309,280,284
4639,309,287,288
4640,309,290,288
4641,308,288,286
4642,308,284,282
4643,308,282,281
4644,309,281,281
4645,309,282,284
4646,308,284,285
4647,309,285,287
4648,309,288,286
4649,309,286,284
4650,309,282,280
4651,308,282,280
4652,309,284,282
4653,309,286,286
4654,309,286,288
4655,308,286,286
4656,309,284,284
4657,309,284,281
4658,308,284,281
4659,308,284,282
4660,311,286,286
4661,309,288,288
4662,309,286,288
4663,309,284,284
4664,308,282,281
4665,310,282,279
4666,309,285,282
4667,309,286,286
4668,309,286,288
4669,309,286,287
4670,310,286,284
4671,310,284,281
4672,308,282,280
4673,309,282,282
4674,309,284,286
4675,309,286,288
4676,309,288,288
4677,309,286,285
4678,309,284,280
4679,308,284,278
4680,309,284,280
4681,309,282,286
4682,309,284,290
4683,308,286,289
4684,308,288,286
4685,309,286,282
4686,309,282,278
4687,309,282,279
4688,309,285,282
4689,309,288,288
4690,309,286,290
4691,309,284,288
4692,309,284,282
4693,308,284,279
4694,308,284,278
4695,309,284,280
4696,309,284,286
4697,309,288,290
4698,309,288,289
4699,309,284,284
4700,309,282,280
4701,308,280,278
4702,309,284,280
4703,308,286,284
4704,309,288,288
4705,309,288,288
4706,309,287,286
4707,309,284,282
4708,309,282,280
4709,309,282,280
4710,309,284,284
4711,308,286,286
4712,309,286,288
4713,310,285,286
4714,309,284,284
4715,309,286,282
4716,309,284,280
4717,309,282,282
4718,309,282,284
4719,309,284,286
4720,310,286,286
4721,309,286,286
4722,309,285,282
4723,309,284,282
4724,309,284,282
4725,310,284,284
4726,309,284,286
4727,309,284,285
4728,309,286,284
4729,309,286,284
4730,310,284,284
4731,310,282,282
4732,309,281,282
4733,309,286,284
4734,309,287,284
4735,310,286,285
4736,309,286,284
4737,309,284,284
4738,309,282,284
4739,309,282,284
4740,310,284,282
4741,309,286,284
4742,309,288,284
4743,309,286,286
4744,309,284,286
4745,309,282,284
4746,309,284,282
4747,309,284,282
4748,309,284,284
4749,309,284,284
4750,309,284,284
4751,309,286,286
4752,309,285,286
4753,309,284,285
4754,309,284,284
4755,309,284,282
4756,309,284,281
4757,309,284,282
4758,308,284,284
4759,309,284,286
4760,309,287,288
4761,309,286,287
4762,309,284,285
4763,309,281,282
4764,308,284,280
4765,310,285,281
4766,309,286,284
4767,309,286,286
4768,309,284,288
4769,308,286,286
4770,310,285,284
4771,309,282,280
4772,309,281,280
4773,309,285,284
4774,309,288,288
4775,310,287,288
4776,309,284,288
4777,309,282,284
4778,309,282,282
4779,309,284,278
4780,310,284,278
4781,309,286,285
4782,309,289,288
4783,309,290,289
4784,309,285,286
4785,310,281,282
4786,308,278,278
4787,308,281,280
4788,309,285,282
4789,309,288,288
4790,310,288,292
4791,310,289,290
4792,308,285,282
4793,309,281,279
4794,308,279,278
4795,309,281,281
4796,309,286,286
4797,310,290,290
4798,309,288,288
4799,309,286,286
4800,310,284,281
4801,309,282,278
4802,309,280,280
4803,309,282,284
4804,309,286,288
4805,310,289,290
4806,309,289,288
4807,309,284,282
4808,309,282,280
4809,309,282,278
4810,309,284,282
4811,309,284,286
4812,309,287,290
4813,309,288,288
4814,309,288,284
4815,309,284,280
4816,308,281,278
4817,309,281,282
4818,309,285,286
4819,309,288,288
4820,310,288,288
4821,309,286,285
4822,308,284,282
4823,309,284,280
4824,309,284,280
4825,310,284,284
4826,309,285,288
4827,309,288,288
4828,309,286,285
4829,309,284,282
4830,309,282,279
4831,308,284,280
4832,309,285,282
4833,309,287,288
4834,308,286,288
4835,310,285,288
4836,309,285,284
4837,309,284,280
4838,309,280,280
4839,309,281,282
4840,310,286,286
4841,309,290,288
4842,309,289,288
4843,309,284,282
4844,309,281,280
4845,309,284,280
4846,309,285,282
4847,309,284,286
4848,309,285,290
4849,309,286,288
4850,310,286,284
4851,310,284,280
4852,308,284,278
4853,309,284,282
4854,309,286,288
4855,310,286,289
4856,309,284,288
4857,309,284,284
4858,309,284,280
4859,309,284,278
4860,310,284,280
4861,309,285,285
4862,309,284,290
4863,309,288,292
4864,308,285,286
4865,309,282,282
4866,308,280,278
4867,308,282,279
4868,308,286,284
4869,309,288,290
4870,310,288,290
4871,309,284,287
4872,309,284,282
4873,309,282,278
4874,309,282,278
4875,309,284,284
4876,309,289,288
4877,309,288,292
4878,309,286,290
4879,309,282,284
4880,310,280,278
4881,309,282,278
4882,308,285,282
4883,309,285,285
4884,309,288,290
4885,309,288,288
4886,309,286,286
4887,308,281,281
4888,308,279,279
4889,309,280,280
4890,309,286,286
4891,309,290,288
4892,309,288,288
4893,309,286,286
4894,309,284,281
4895,309,282,278
4896,309,282,280
4897,308,284,284
4898,309,285,287
4899,309,288,288
4900,309,288,286
4901,309,285,284
4902,309,282,280
4903,309,282,281
4904,309,286,282
4905,310,286,286
4906,309,286,286
4907,309,286,284
4908,308,287,282
4909,309,286,281
4910,309,284,280
4911,310,284,284
4912,308,286,285
4913,309,288,286
4914,308,286,286
4915,309,284,282
4916,308,284,280
4917,308,284,280
4918,309,287,282
4919,309,287,284
4920,310,288,288
4921,309,286,287
4922,308,284,285
4923,309,282,281
4924,309,282,280
4925,310,284,281
4926,309,286,286
4927,308,287,288
4928,309,285,287
4929,309,284,285
4930,310,285,282
4931,309,285,280
4932,309,284,281
4933,309,284,284
4934,309,284,286
4935,309,286,288
4936,309,286,287
4937,308,284,284
4938,309,284,282
4939,309,286,282
4940,310,286,283
4941,309,284,285
4942,309,284,286
4943,309,284,286
4944,309,284,284
4945,309,284,282
4946,309,284,281
4947,309,284,284
4948,309,288,287
4949,309,286,288
4950,309,284,286
4951,309,282,282
4952,309,284,279
4953,309,285,280
4954,309,286,284
4955,310,286,286
4956,309,284,288
4957,309,286,288
4958,309,284,285
4959,309,282,282
4960,309,282,281
4961,309,284,282
4962,309,286,285
4963,309,286,286
4964,309,286,286
4965,310,285,285
4966,309,284,284
4967,309,282,281
4968,309,280,282
4969,309,284,284
4970,310,287,287
4971,310,288,288
4972,309,286,288
4973,309,284,284
4974,309,280,280
4975,309,284,280
4976,309,284,282
4977,308,284,286
4978,309,284,288
4979,309,287,288
4980,310,287,284
4981,309,284,282
4982,308,282,280
4983,309,282,282
4984,309,285,284
4985,310,287,286
4986,309,286,286
4987,309,284,286
4988,309,286,282
4989,309,284,281
4990,310,282,282
4991,308,282,283
4992,309,284,285
4993,309,289,286
4994,309,290,286
4995,309,286,284
4996,309,282,282
4997,309,281,282
4998,309,282,282
4999,309,282,284
5000,309,286,286
5001,309,288,286
5002,308,290,286
5003,309,288,284
5004,308,282,280
5005,309,278,282
5006,309,281,284
5007,309,284,284
5008,309,288,286
5009,309,289,286
5010,309,287,284
5011,309,284,284
5012,309,284,282
5013,309,282,282
5014,308,284,284
5015,309,286,286
5016,309,286,286
5017,309,284,284
5018,308,284,282
5019,308,286,281
5020,309,286,284
5021,309,286,286
5022,308,284,286
5023,309,282,286
5024,309,284,284
5025,309,285,282
5026,309,285,281
5027,308,286,282
5028,309,286,284
5029,309,286,286
5030,310,285,288
5031,310,282,284
5032,309,282,282
5033,309,284,281
5034,309,285,284
5035,309,284,285
5036,308,286,286
5037,309,286,286
5038,309,286,286
5039,308,285,284
5040,310,284,282
5041,309,281,282
5042,309,284,282
5043,309,284,283
5044,308,286,285
5045,310,286,286
5046,308,287,286
5047,309,286,284
5048,309,284,282
5049,309,282,281
5050,309,280,284
5051,309,284,284
5052,309,285,286
5053,309,284,286
5054,309,285,284
5055,309,286,282
5056,308,286,282
5057,309,284,284
5058,309,282,284
5059,309,282,286
5060,309,286,286
5061,309,286,284
5062,309,284,284
5063,309,284,283
5064,309,284,282
5065,310,286,284
5066,309,286,284
5067,309,284,286
5068,309,280,287
5069,309,282,286
5070,310,284,284
5071,309,282,282
5072,309,284,282
5073,308,284,284
5074,309,286,286
5075,309,286,287
5076,309,284,286
5077,309,282,284
5078,309,284,282
5079,309,282,280
5080,310,281,282
5081,309,284,285
5082,308,286,288
5083,309,288,288
5084,309,286,286
5085,309,284,284
5086,309,282,280
5087,309,284,280
5088,309,284,282
5089,309,284,284
5090,310,285,288
5091,310,286,288
5092,309,285,286
5093,309,284,281
5094,308,284,279
5095,310,284,282
5096,309,286,286
5097,309,286,288
5098,309,284,286
5099,308,284,284
5100,309,286,282
5101,308,285,281
5102,309,284,282
5103,309,284,284
5104,309,284,286
5105,309,286,286
5106,309,284,284
5107,309,282,282
5108,309,282,282
5109,309,284,282
5110,309,286,284
5111,309,286,286
5112,309,286,286
5113,309,284,285
5114,309,284,283
5115,309,282,281
5116,309,282,280
5117,309,284,282
5118,309,288,284
5119,309,288,286
5120,309,287,288
5121,308,284,286
5122,309,282,282
5123,309,282,280
5124,309,282,282
5125,309,282,282
5126,308,286,286
5127,309,289,285
5128,309,289,284
5129,309,284,282
5130,309,282,282
5131,309,281,282
5132,309,284,284
5133,309,285,286
5134,309,284,284
5135,309,284,285
5136,308,286,284
5137,309,286,282
5138,308,285,284
5139,309,284,284
5140,309,284,284
5141,309,284,284
5142,309,284,282
5143,309,282,282
5144,309,284,284
5145,309,288,284
5146,309,288,285
5147,309,285,285
5148,308,284,284
5149,309,284,282
5150,309,286,282
5151,310,286,284
5152,309,284,284
5153,309,282,284
5154,309,285,284
5155,309,285,284
5156,309,284,284
5157,308,284,282
5158,309,285,282
5159,309,286,284
5160,309,286,284
5161,309,284,284
5162,309,280,284
5163,309,284,282
5164,309,284,281
5165,309,284,282
5166,309,284,284
5167,309,287,286
5168,309,287,286
5169,308,286,286
5170,309,282,282
5171,309,280,284
5172,309,284,282
5173,309,286,282
5174,309,286,282
5175,309,286,286
5176,309,286,288
5177,309,286,286
5178,309,285,284
5179,308,284,281
5180,309,281,282
5181,308,284,284
5182,309,285,284
5183,309,285,285
5184,309,286,286
5185,309,288,286
5186,309,286,284
5187,309,284,282
5188,308,281,281
5189,309,280,282
5190,309,286,284
5191,308,289,285
5192,309,288,286
5193,309,285,286
5194,309,284,286
5195,309,284,284
5196,309,284,282
5197,308,284,280
5198,309,284,282
5199,309,288,286
5200,309,288,286
5201,309,286,286
5202,309,285,284
5203,309,284,284
5204,309,284,282
5205,309,282,284
5206,309,284,284
5207,309,284,284
5208,309,288,286
5209,309,287,286
5210,310,285,284
5211,310,284,282
5212,309,284,282
5213,309,284,284
5214,309,284,286
5215,309,284,286
5216,309,284,284
5217,308,288,284
5218,309,288,284
5219,309,284,282
5220,309,284,284
5221,309,284,284
5222,309,286,284
5223,309,284,286
5224,309,284,286
5225,309,282,284
5226,309,282,284
5227,309,284,282
5228,309,284,282
5229,309,285,285
5230,309,288,288
5231,309,286,288
5232,309,282,286
5233,309,280,284
5234,309,279,280
5235,309,284,281
5236,309,285,284
5237,309,285,286
5238,309,285,288
5239,309,286,288
5240,309,284,284
5241,309,282,282
5242,309,279,281
5243,309,280,281
5244,309,285,282
5245,309,289,286
5246,309,288,286
5247,309,286,288
5248,309,286,284
5249,309,284,281
5250,309,280,280
5251,309,280,280
5252,309,284,282
5253,309,289,286
5254,309,290,289
5255,309,288,288
5256,309,284,285
5257,309,284,280
5258,309,282,278
5259,309,281,280
5260,309,284,284
5261,309,286,286
5262,309,288,286
5263,309,288,285
5264,309,285,284
5265,310,282,284
5266,309,282,283
5267,309,282,282
5268,309,282,282
5269,308,284,284
5270,309,286,286
5271,310,288,286
5272,309,286,284
5273,309,284,282
5274,309,282,284
5275,309,284,284
5276,309,285,284
5277,309,284,284
5278,309,284,285
5279,309,285,286
5280,309,286,285
5281,308,286,284
5282,309,284,282
5283,309,284,282
5284,309,286,284
5285,309,286,282
5286,309,284,284
5287,309,284,285
5288,309,284,286
5289,309,284,286
5290,309,284,285
5291,308,284,282
5292,309,284,284
5293,309,286,284
5294,308,285,284
5295,309,282,284
5296,309,282,284
5297,309,284,284
5298,309,286,284
5299,309,286,284
5300,309,284,284
5301,309,282,286
5302,309,284,286
5303,309,284,284
5304,309,282,284
5305,309,282,284
5306,309,284,284
5307,309,288,284
5308,309,288,284
5309,309,286,285
5310,309,284,286
5311,309,284,286
5312,309,284,284
5313,309,281,284
5314,309,282,284
5315,309,286,285
5316,309,288,286
5317,309,288,286
5318,309,286,285
5319,309,282,284
5320,309,284,282
5321,309,284,280
5322,308,282,282
5323,308,284,286
5324,309,289,288
5325,308,290,287
5326,309,286,285
5327,309,282,282
5328,309,279,282
5329,309,282,282
5330,308,286,282
5331,310,288,284
5332,309,288,288
5333,309,287,287
5334,309,284,286
5335,308,280,282
5336,309,280,282
5337,309,284,282
5338,309,288,284
5339,309,289,286
5340,309,286,286
5341,309,284,287
5342,308,284,286
5343,309,284,284
5344,309,280,282
5345,309,282,282
5346,309,284,284
5347,309,288,286
5348,309,290,286
5349,309,286,286
5350,309,284,286
5351,309,282,284
5352,309,281,282
5353,309,282,284
5354,309,284,285
5355,309,288,286
5356,309,290,286
5357,309,288,285
5358,309,282,284
5359,309,281,284
5360,308,284,284
5361,309,286,284
5362,309,284,284
5363,309,286,286
5364,309,287,285
5365,309,288,285
5366,309,286,284
5367,310,284,283
5368,309,281,284
5369,309,284,284
5370,309,285,284
5371,309,286,285
5372,309,286,286
5373,309,286,286
5374,309,285,284
5375,309,284,284
5376,309,281,281
5377,308,281,284
5378,309,286,285
5379,309,288,286
5380,308,286,286
5381,309,284,286
5382,308,284,284
5383,309,284,282
5384,308,284,284
5385,308,284,284
5386,309,284,286
5387,309,287,286
5388,309,287,285
5389,308,284,284
5390,308,284,284
5391,310,284,284
5392,309,286,284
5393,309,286,284
5394,309,284,284
5395,309,282,286
5396,309,285,286
5397,309,286,284
5398,309,285,284
5399,308,284,284
5400,309,285,284
5401,308,284,284
5402,309,284,284
5403,309,284,284
5404,309,284,285
5405,309,287,285
5406,309,286,284
5407,309,284,284
5408,309,282,284
5409,309,284,284
5410,309,286,283
5411,309,286,284
5412,309,285,284
5413,309,284,286
5414,309,284,286
5415,308,284,284
5416,308,284,282
5417,309,282,282
5418,308,284,284
5419,309,286,284
5420,308,286,286
5421,309,286,286
5422,309,284,284
5423,309,284,284
5424,309,284,282
5425,309,284,282
5426,309,284,285
5427,309,286,286
5428,309,286,286
5429,309,284,284
5430,309,284,284
5431,309,282,282
5432,309,286,282
5433,308,286,282
5434,309,284,284
5435,308,284,286
5436,309,284,286
5437,309,285,286
5438,309,284,283
5439,309,284,282
5440,308,282,284
5441,309,285,285
5442,309,286,285
5443,309,285,284
5444,309,286,284
5445,308,286,282
5446,309,284,282
5447,309,282,284
5448,309,282,284
5449,309,282,286
5450,309,286,286
5451,310,287,284
5452,309,285,282
5453,309,284,282
5454,309,284,284
5455,308,284,284
5456,309,284,284
5457,309,284,284
5458,308,284,284
5459,309,284,284
5460,308,284,284
5461,309,284,282
5462,309,284,285
5463,308,288,286
5464,309,288,286
5465,309,284,286
5466,308,281,282
5467,309,280,280
5468,309,284,280
5469,309,287,282
5470,308,287,284
5471,309,288,288
5472,309,286,288
5473,309,284,284
5474,309,279,280
5475,308,280,280
5476,308,285,282
5477,309,288,286
5478,309,288,288
5479,309,284,286
5480,308,282,285
5481,309,284,281
5482,308,284,279
5483,309,284,280
5484,308,286,284
5485,308,286,288
5486,309,286,288
5487,308,284,286
5488,309,282,282
5489,308,282,281
5490,308,285,282
5491,309,286,282
5492,309,284,286
5493,308,285,286
5494,308,287,286
5495,308,286,284
5496,309,284,282
5497,308,280,282
5498,309,280,284
5499,308,286,284
5500,308,288,284
5501,308,286,285
5502,309,284,284
5503,309,284,282
5504,309,284,282
5505,308,286,282
5506,309,284,284
5507,308,284,286
5508,309,285,285
5509,309,284,283
5510,309,284,284
5511,310,284,284
5512,309,286,284
5513,309,288,284
5514,309,286,284
5515,308,282,284
5516,308,279,282
5517,309,284,282
5518,309,288,282
5519,308,287,284
5520,308,286,288
5521,309,284,287
5522,309,284,284
5523,309,284,282
5524,309,284,280
5525,308,284,282
5526,309,287,284
5527,308,287,285
5528,309,284,286
5529,309,282,284
5530,308,284,282
5531,308,285,280
5532,309,285,282
5533,308,284,285
5534,309,284,286
5535,309,285,286
5536,309,286,283
5537,309,285,282
5538,309,284,281
5539,308,285,282
5540,308,285,284
5541,309,284,286
5542,309,284,286
5543,309,284,286
5544,308,285,284
5545,308,285,282
5546,309,284,282
5547,309,282,285
5548,309,284,286
5549,309,286,286
5550,308,284,286
5551,308,284,284
5552,309,281,282
5553,308,284,282
5554,309,284,284
5555,308,284,285
5556,308,284,288
5557,309,286,288
5558,309,285,284
5559,308,282,282
5560,309,281,282
5561,309,281,282
5562,308,284,284
5563,309,286,286
5564,308,286,285
5565,308,286,285
5566,308,286,284
5567,308,286,282
5568,308,284,283
5569,309,284,284
5570,309,282,285
5571,308,284,286
5572,309,286,284
5573,310,286,282
5574,309,286,284
5575,308,287,284
5576,308,286,284
5577,309,284,286
5578,309,284,284
5579,309,284,284
5580,308,285,284
5581,309,286,282
5582,309,284,282
5583,308,284,284
5584,309,286,286
5585,308,286,286
5586,309,284,285
5587,308,282,284
5588,309,282,282
5589,309,284,282
5590,309,286,284
5591,309,286,284
5592,309,286,288
5593,309,286,286
5594,309,286,284
5595,308,284,282
5596,308,284,282
5597,309,284,284
5598,309,285,285
5599,309,286,286
5600,308,286,285
5601,309,286,286
5602,309,288,284
5603,308,286,282
5604,309,282,282
5605,308,280,284
5606,309,284,285
5607,309,288,286
5608,309,289,286
5609,309,287,284
5610,308,282,283
5611,309,284,282
5612,309,284,282
5613,309,284,284
5614,309,285,286
5615,308,286,287
5616,309,285,286
5617,309,284,284
5618,309,282,280
5619,309,282,281
5620,308,286,284
5621,308,288,288
5622,311,285,288
5623,309,284,286
5624,308,284,284
5625,308,284,280
5626,308,284,280
5627,309,286,281
5628,308,286,286
5629,309,288,290
5630,308,286,289
5631,309,284,284
5632,309,282,280
5633,310,282,278
5634,309,284,282
5635,308,285,286
5636,309,287,289
5637,308,286,290
5638,309,287,288
5639,309,284,280
5640,308,280,278
5641,309,280,278
5642,308,285,284
5643,309,289,289
5644,309,289,292
5645,309,287,290
5646,308,282,284
5647,308,281,276
5648,309,280,276
5649,308,284,280
5650,308,286,287
5651,309,292,292
5652,309,290,290
5653,309,285,286
5654,309,278,278
5655,308,276,276
5656,309,282,278
5657,309,288,286
5658,309,289,290
5659,309,288,292
5660,308,286,286
5661,309,284,282
5662,308,278,278
5663,309,279,279
5664,308,282,284
5665,308,288,288
5666,309,290,290
5667,309,288,287
5668,308,285,284
5669,309,282,280
5670,308,281,279
5671,309,281,281
5672,309,284,286
5673,309,284,289
5674,309,288,290
5675,308,288,286
5676,308,285,282
5677,308,282,280
5678,308,282,280
5679,309,284,282
5680,308,284,288
5681,309,286,288
5682,310,288,286
5683,309,289,284
5684,309,286,281
5685,308,280,280
5686,309,280,284
5687,309,284,286
5688,309,286,287
5689,309,287,286
5690,308,286,284
5691,308,286,282
5692,309,284,281
5693,310,284,282
5694,309,282,284
5695,308,284,286
5696,308,286,286
5697,309,288,284
5698,308,284,282
5699,309,284,282
5700,308,284,284
5701,308,286,286
5702,309,286,286
5703,308,284,286
5704,309,284,284
5705,308,284,282
5706,309,286,280
5707,309,286,282
5708,309,286,286
5709,309,286,288
5710,308,285,288
5711,309,284,284
5712,309,281,281
5713,308,282,281
5714,309,288,282
5715,308,290,284
5716,309,288,286
5717,309,286,287
5718,309,284,286
5719,309,282,284
5720,308,280,282
5721,309,282,280
5722,309,284,284
5723,309,288,286
5724,309,288,286
5725,308,286,286
5726,309,284,284
5727,308,284,282
5728,309,284,282
5729,309,282,284
5730,309,282,284
5731,309,284,286
5732,309,288,286
5733,309,289,284
5734,309,286,284
5735,308,284,284
5736,309,284,284
5737,309,284,284
5738,309,284,285
5739,309,285,284
5740,308,285,284
5741,308,288,284
5742,310,286,285
5743,309,284,286
5744,309,282,286
5745,308,284,284
5746,308,285,284
5747,309,285,284
5748,309,285,284
5749,308,284,284
5750,308,285,285
5751,309,284,286
5752,309,284,286
5753,310,284,284
5754,309,285,282
5755,308,286,282
5756,308,284,284
5757,308,284,284
5758,308,282,286
5759,308,286,285
5760,308,286,284
5761,308,284,284
5762,308,284,284
5763,309,286,284
5764,309,287,284
5765,308,284,286
5766,309,284,284
5767,309,280,284
5768,309,284,284
5769,309,286,284
5770,308,288,284
5771,309,288,286
5772,309,288,286
5773,309,284,284
5774,309,282,284
5775,308,280,282
5776,309,280,282
5777,308,286,284
5778,309,288,284
5779,309,287,286
5780,308,284,287
5781,308,285,286
5782,309,284,284
5783,309,282,282
5784,309,281,280
5785,308,281,282
5786,308,286,284
5787,309,289,286
5788,309,288,286
5789,309,286,286
5790,308,284,284
5791,309,281,281
5792,309,279,280
5793,308,284,282
5794,309,286,284
5795,308,290,288
5796,309,289,288
5797,309,284,286
5798,308,279,282
5799,309,280,279
5800,308,282,280
5801,309,286,284
5802,310,288,288
5803,309,288,290
5804,309,286,288
5805,308,284,284
5806,308,281,278
5807,309,282,278
5808,308,286,282
5809,309,288,286
5810,308,286,290
5811,309,285,288
5812,309,284,285
5813,310,284,282
5814,309,284,281
5815,308,282,280
5816,309,284,284
5817,309,286,286
5818,308,287,286
5819,309,285,284
5820,308,284,284
5821,309,282,282
5822,308,284,282
5823,309,284,284
5824,309,284,285
5825,308,284,288
5826,309,287,286
5827,308,286,284
5828,309,284,282
5829,309,281,282
5830,308,282,282
5831,309,285,284
5832,309,287,286
5833,309,286,284
5834,309,285,284
5835,308,284,284
5836,308,282,282
5837,309,280,284
5838,309,281,284
5839,309,284,284
5840,308,286,284
5841,309,286,284
5842,309,284,281
5843,309,285,282
5844,309,286,284
5845,308,284,286
5846,308,282,286
5847,309,281,285
5848,308,284,282
5849,309,286,282
5850,308,287,284
5851,309,286,284
5852,309,285,288
5853,309,286,286
5854,309,284,284
5855,309,280,282
5856,308,281,281
5857,309,286,282
5858,309,288,284
5859,309,288,286
5860,308,285,286
5861,308,284,286
5862,310,284,284
5863,308,282,282
5864,309,280,283
5865,308,282,285
5866,308,286,287
5867,308,288,286
5868,309,286,285
5869,308,284,283
5870,308,281,285
5871,309,284,285
5872,309,284,285
5873,310,282,287
5874,309,282,287
5875,308,285,287
5876,309,286,285
5877,309,286,283
5878,309,284,283
5879,309,282,285
5880,308,284,285
5881,308,284,284
5882,309,284,285
5883,309,284,286
5884,309,284,284
5885,308,286,282
5886,309,284,282
5887,309,284,284
5888,309,282,286
5889,309,286,286
5890,308,286,284
5891,309,284,282
5892,309,282,282
5893,309,284,282
5894,309,287,284
5895,308,287,284
5896,309,286,285
5897,309,284,286
5898,309,284,286
5899,309,284,284
5900,308,282,282
5901,309,284,282
5902,308,286,284
5903,309,287,284
5904,309,286,284
5905,309,285,285
5906,309,282,286
5907,309,284,285
5908,309,284,282
5909,308,282,280
5910,308,282,281
5911,309,285,284
5912,309,287,286
5913,309,288,286
5914,309,286,285
5915,308,284,284
5916,308,284,282
5917,309,282,282
5918,309,282,282
5919,309,284,284
5920,308,287,285
5921,309,288,286
5922,310,286,285
5923,309,285,284
5924,309,284,282
5925,308,284,284
5926,309,284,284
5927,309,281,284
5928,309,282,284
5929,309,286,284
5930,308,288,284
5931,308,288,285
5932,309,285,285
5933,310,282,284
5934,309,282,284
5935,308,284,282
5936,309,284,281
5937,309,286,282
5938,309,288,284
5939,309,286,285
5940,308,284,286
5941,309,284,286
5942,309,284,284
5943,309,286,284
5944,309,286,282
5945,308,284,281
5946,309,284,282
5947,309,286,284
5948,309,287,286
5949,309,286,287
5950,308,284,286
5951,309,284,284
5952,308,284,282
5953,309,284,280
5954,309,284,280
5955,308,286,284
5956,309,288,288
5957,309,288,288
5958,309,284,285
5959,308,281,282
5960,308,281,280
5961,309,284,281
5962,309,285,284
5963,309,286,286
5964,309,287,288
5965,308,288,288
5966,309,285,284
5967,309,282,282
5968,309,280,280
5969,309,284,281
5970,308,286,284
5971,309,288,288
5972,309,286,288
5973,309,285,287
5974,309,286,283
5975,308,285,280
5976,309,282,280
5977,309,282,282
5978,309,284,286
5979,309,288,290
5980,308,287,289
5981,309,284,284
5982,310,282,280
5983,309,284,278
5984,309,285,280
5985,308,284,284
5986,309,286,289
5987,309,286,290
5988,309,285,287
5989,309,284,282
5990,308,281,278
5991,309,281,280
5992,309,286,284
5993,310,288,286
5994,309,288,290
5995,308,286,288
5996,309,285,284
5997,309,284,280
5998,309,282,279
5999,309,284,282
6000,308,284,288
6001,309,288,290
6002,309,287,288
6003,309,284,286
6004,309,284,281
6005,308,284,278
6006,309,285,279
6007,309,284,284
6008,309,284,287
6009,309,284,290
6010,308,286,288
6011,309,286,284
6012,309,284,280
6013,309,282,280
6014,309,284,284
6015,309,286,288
6016,309,286,289
6017,309,286,286
6018,309,284,282
6019,309,284,280
6020,308,282,280
6021,309,282,282
6022,309,284,287
6023,309,288,288
6024,309,288,288
6025,308,284,285
6026,309,282,282
6027,309,278,280
6028,308,282,280
6029,309,284,282
6030,308,286,286
6031,309,286,288
6032,309,286,286
6033,308,284,284
6034,309,282,282
6035,309,282,280
6036,309,281,284
6037,309,284,286
6038,309,285,288
6039,309,284,286
6040,308,284,284
6041,309,286,280
6042,310,286,280
6043,309,284,282
6044,309,284,284
6045,309,284,286
6046,309,286,286
6047,309,286,284
6048,309,284,282
6049,309,284,284
6050,309,285,284
6051,309,287,284
6052,309,285,284
6053,310,284,284
6054,309,284,284
6055,308,285,282
6056,309,287,282
6057,309,285,282
6058,309,284,286
6059,309,286,287
6060,308,284,286
6061,309,284,284
6062,309,282,282
6063,309,284,280
6064,309,286,282
6065,308,288,284
6066,308,286,286
6067,309,284,288
6068,309,284,286
6069,309,284,282
6070,308,281,280
6071,309,282,280
6072,309,284,284
6073,309,287,286
6074,309,288,288
6075,309,286,286
6076,309,284,284
6077,309,282,281
6078,309,281,280
6079,309,282,282
6080,308,285,284
6081,309,288,288
6082,309,288,288
6083,309,285,286
6084,309,282,282
6085,308,280,281
6086,309,285,282
6087,309,286,284
6088,309,285,286
6089,309,284,286
6090,308,285,285
6091,309,286,284
6092,309,284,282
6093,309,284,282
6094,309,282,282
6095,308,285,284
6096,309,286,284
6097,308,285,286
6098,309,284,285
6099,309,286,284
6100,308,285,284
6101,308,284,284
6102,310,282,284
6103,309,282,284
6104,308,287,284
6105,308,288,284
6106,309,286,284
6107,309,284,284
6108,309,284,284
6109,309,284,284
6110,308,284,284
6111,309,284,284
6112,309,284,284
6113,310,287,285
6114,309,286,284
6115,308,284,285
6116,309,284,284
6117,309,284,284
6118,309,284,284
6119,308,284,284
6120,309,284,284
6121,309,284,286
6122,309,286,286
6123,309,286,284
6124,309,284,284
6125,308,282,284
6126,309,284,284
6127,309,287,285
6128,309,287,285
6129,309,286,284
6130,308,282,284
6131,309,284,284
6132,308,284,284
6133,309,284,284
6134,308,284,285
6135,308,287,285
6136,309,288,284
6137,309,286,284
6138,309,284,284
6139,309,282,284
6140,309,284,284
6141,309,285,284
6142,309,284,284
6143,309,284,286
6144,309,286,286
6145,309,286,285
6146,309,284,284
6147,308,284,282
6148,308,282,284
6149,309,285,284
6150,309,286,285
6151,309,285,285
6152,309,284,286
6153,309,284,284
6154,308,284,282
6155,308,284,282
6156,309,284,284
6157,309,284,284
6158,308,286,286
6159,309,286,286
6160,308,284,284
6161,309,282,284
6162,310,284,282
6163,308,284,282
6164,308,286,284
6165,308,286,285
6166,309,285,288
6167,309,285,288
6168,309,284,286
6169,308,281,281
6170,308,282,280
6171,308,286,280
6172,308,288,284
6173,310,286,286
6174,309,286,288
6175,308,284,288
6176,309,284,286
6177,309,282,282
6178,309,280,279
6179,309,282,280
6180,308,286,282
6181,309,289,286
6182,309,287,290
6183,309,286,288
6184,308,282,285
6185,308,281,281
6186,309,281,280
6187,309,281,280
6188,309,284,286
6189,309,288,288
6190,308,289,288
6191,308,286,286
6192,308,282,284
6193,308,280,280
6194,308,282,280
6195,308,284,284
6196,309,284,286
6197,309,286,289
6198,309,288,288
6199,309,286,284
6200,309,282,282
6201,308,282,282
6202,308,284,282
6203,308,286,284
6204,309,286,285
6205,309,284,286
6206,308,284,286
6207,309,284,284
6208,308,284,282
6209,308,284,282
6210,308,284,284
6211,308,284,286
6212,309,286,286
6213,308,284,285
6214,308,284,284
6215,308,284,284
6216,309,285,284
6217,309,286,282
6218,309,284,284
6219,308,284,286
6220,309,285,286
6221,309,286,284
6222,310,285,284
6223,308,282,282
6224,308,280,284
6225,309,284,285
6226,309,286,284
6227,309,288,284
6228,309,288,284
6229,308,286,284
6230,309,284,284
6231,309,280,284
6232,309,279,284
6233,310,282,284
6234,309,288,286
6235,309,289,286
6236,309,286,285
6237,308,284,284
6238,308,282,282
6239,309,282,284
6240,309,284,284
6241,308,286,284
6242,309,284,285
6243,309,286,285
6244,309,285,284
6245,308,284,282
6246,308,284,282
6247,309,284,285
6248,309,286,288
6249,309,286,288
6250,309,285,284
6251,308,282,282
6252,309,284,281
6253,309,284,281
6254,309,284,284
6255,309,286,286
6256,309,288,288
6257,308,286,288
6258,309,284,286
6259,308,280,280
6260,308,279,280
6261,308,284,282
6262,309,287,286
6263,308,286,288
6264,309,286,288
6265,309,285,285
6266,309,284,282
6267,308,282,280
6268,309,282,281
6269,309,284,284
6270,309,286,287
6271,309,286,288
6272,309,284,286
6273,309,284,284
6274,309,284,281
6275,308,284,282
6276,309,284,284
6277,309,284,286
6278,309,284,286
6279,308,286,286
6280,308,286,284
6281,308,284,281
6282,310,284,282
6283,309,285,284
6284,309,286,286
6285,309,284,288
6286,308,284,287
6287,309,284,284
6288,309,285,280
6289,309,286,280
6290,309,284,282
6291,309,285,286
6292,309,287,287
6293,310,286,286
6294,309,284,284
6295,308,282,282
6296,309,282,282
6297,309,286,282
6298,309,288,285
6299,309,286,286
6300,309,284,286
6301,309,284,284
6302,309,284,280
6303,308,282,281
6304,309,284,284
6305,309,286,286
6306,309,288,287
6307,309,286,286
6308,309,280,284
6309,308,279,282
6310,310,284,280
6311,309,288,281
6312,309,288,284
6313,308,286,288
6314,309,284,287
6315,309,282,284
6316,309,282,282
6317,309,282,280
6318,308,284,284
6319,309,288,286
6320,309,288,286
6321,309,284,286
6322,309,282,285
6323,309,284,282
6324,309,286,280
6325,308,287,281
6326,309,286,284
6327,309,284,286
6328,309,284,288
6329,309,284,285
6330,309,284,284
6331,309,284,282
6332,309,285,282
6333,309,287,284
6334,309,288,284
6335,309,285,284
6336,309,282,284
6337,309,284,284
6338,309,284,282
6339,309,284,282
6340,308,285,284
6341,309,287,286
6342,310,287,286
6343,309,286,285
6344,308,281,281
6345,308,279,282
6346,309,281,282
6347,309,282,284
6348,309,282,284
6349,309,284,284
6350,308,284,285
6351,309,284,284
6352,309,282,284
6353,310,281,282
6354,309,278,282
6355,309,282,284
6356,309,284,284
6357,310,284,284
6358,309,282,284
6359,309,282,284
6360,310,284,284
6361,309,285,284
6362,309,284,284
6363,309,282,284
6364,309,284,284
6365,309,284,284
6366,309,284,285
6367,309,286,285
6368,309,288,284
6369,308,288,284
6370,308,284,283
6371,309,280,282
6372,309,280,284
6373,309,286,284
6374,308,289,284
6375,310,288,284
6376,309,286,284
6377,308,284,284
6378,309,284,284
6379,309,284,282
6380,309,284,282
6381,308,284,284
6382,308,287,286
6383,309,288,285
6384,309,286,284
6385,309,284,284
6386,309,284,282
6387,309,284,282
6388,309,284,282
6389,309,284,284
6390,309,284,286
6391,309,286,286
6392,308,288,284
6393,309,285,280
6394,308,284,281
6395,309,285,284
6396,309,286,285
6397,308,285,286
6398,309,284,286
6399,308,284,284
6400,309,284,284
6401,308,284,282
6402,310,284,281
6403,309,285,284
6404,309,288,284
6405,309,288,286
6406,309,284,286
6407,308,282,284
6408,308,282,282
6409,308,284,282
6410,309,286,282
6411,308,285,284
6412,308,286,286
6413,310,287,285
6414,308,286,284
6415,309,285,284
6416,309,284,284
6417,309,284,284
6418,308,284,284
6419,308,285,285
6420,309,284,284
6421,309,284,284
6422,309,286,282
6423,309,286,282
6424,309,286,284
6425,308,284,285
6426,309,284,286
6427,309,285,284
6428,309,284,282
6429,309,282,282
6430,309,284,284
6431,309,285,285
6432,309,286,286
6433,308,285,286
6434,308,284,284
6435,310,284,280
6436,308,285,280
6437,309,286,282
6438,309,284,284
6439,309,284,288
6440,310,286,286
6441,309,285,285
6442,309,284,282
6443,308,284,282
6444,308,284,282
6445,309,285,284
6446,308,286,286
6447,309,286,284
6448,309,285,284
6449,308,286,282
6450,309,285,282
6451,308,284,284
6452,309,284,284
6453,309,285,285
6454,308,286,286
6455,309,286,285
6456,308,284,284
6457,309,284,282
6458,308,286,282
6459,309,286,284
6460,310,285,286
6461,308,284,286
6462,310,284,284
6463,308,285,282
6464,308,285,282
6465,309,284,283
6466,309,284,286
6467,308,285,287
6468,309,286,286
6469,308,284,284
6470,309,284,280
6471,308,284,279
6472,308,286,280
6473,310,286,286
6474,309,284,288
6475,310,284,288
6476,308,284,284
6477,308,284,282
6478,309,282,279
6479,308,284,280
6480,309,287,284
6481,308,289,289
6482,309,288,290
6483,309,284,285
6484,308,280,281
6485,308,280,278
6486,308,282,278
6487,308,284,282
6488,308,288,290
6489,309,289,292
6490,309,288,290
6491,309,284,284
6492,308,280,278
6493,309,277,276
6494,308,282,280
6495,308,286,286
6496,309,289,292
6497,308,290,292
6498,309,288,287
6499,308,282,280
6500,309,279,277
6501,308,278,276
6502,308,280,282
6503,309,288,290
6504,309,292,293
6505,309,289,293
6506,309,282,285
6507,309,279,279
6508,309,278,277
6509,309,282,284
6510,308,285,285
6511,309,289,292
6512,309,292,292
6513,309,288,289
6514,308,280,284
6515,308,277,279
6516,309,280,279
6517,309,284,285
6518,309,287,292
6519,309,288,293
6520,309,286,289
6521,309,286,282
6522,310,284,278
6523,309,280,278
6524,309,280,282
6525,308,284,288
6526,309,286,290
6527,309,287,288
6528,308,286,284
6529,309,284,280
6530,309,284,280
6531,309,284,282
6532,309,282,285
6533,310,284,288
6534,309,285,287
6535,308,286,284
6536,309,284,282
6537,309,284,280
6538,309,284,284
6539,309,287,286
6540,309,286,290
6541,309,284,288
6542,309,281,284
6543,309,282,280
6544,308,284,278
6545,310,285,282
6546,309,286,286
6547,309,288,290
6548,309,288,289
6549,309,285,286
6550,309,279,280
6551,308,278,280
6552,308,282,281
6553,309,288,285
6554,309,289,288
6555,308,289,289
6556,309,286,286
6557,309,284,282
6558,308,280,279
6559,309,279,278
6560,310,284,284
6561,308,288,288
6562,309,288,290
6563,309,286,288
6564,309,284,284
6565,308,284,280
6566,309,284,278
6567,309,284,280
6568,309,284,284
6569,309,284,290
6570,309,288,290
6571,309,287,286
6572,309,284,282
6573,308,281,280
6574,308,282,282
6575,308,285,284
6576,309,288,288
6577,309,286,287
6578,309,286,286
6579,309,285,282
6580,308,282,280
6581,309,280,281
6582,310,282,285
6583,309,286,289
6584,309,288,290
6585,310,288,288
6586,309,284,282
6587,309,281,280
6588,309,284,280
6589,308,284,282
6590,310,284,286
6591,309,284,288
6592,309,285,288
6593,310,286,284
6594,309,284,282
6595,308,284,280
6596,309,284,284
6597,308,286,286
6598,309,286,287
6599,309,282,286
6600,309,282,284
6601,309,284,280
6602,308,286,280
6603,308,287,282
6604,309,284,286
6605,310,284,288
6606,309,285,288
6607,309,284,284
6608,309,284,281
6609,309,284,282
6610,309,285,284
6611,309,286,286
6612,309,287,287
6613,309,286,284
6614,309,284,282
6615,309,286,280
6616,309,284,280
6617,309,284,284
6618,309,284,286
6619,309,286,288
6620,308,286,286
6621,309,285,284
6622,308,284,280
6623,309,282,282
6624,309,286,284
6625,309,287,285
6626,308,285,286
6627,308,284,286
6628,309,284,284
6629,309,284,282
6630,309,284,282
6631,309,284,282
6632,309,284,284
6633,309,286,286
6634,309,286,284
6635,309,284,284
6636,309,282,284
6637,309,284,282
6638,309,286,282
6639,308,286,284
6640,309,286,284
6641,309,284,286
6642,310,285,286
6643,309,284,284
6644,310,282,282
6645,309,284,282
6646,309,286,284
6647,309,287,285
6648,309,286,286
6649,309,284,284
6650,309,284,282
6651,309,284,282
6652,310,284,284
6653,310,284,284
6654,309,284,286
6655,310,286,284
6656,309,286,282
6657,310,285,282
6658,309,284,284
6659,309,282,284
6660,310,285,285
6661,309,286,286
6662,309,284,285
6663,309,285,284
6664,310,286,282
6665,309,286,280
6666,308,284,282
6667,309,284,285
6668,309,284,286
6669,309,286,286
6670,310,286,284
6671,309,284,284
6672,309,282,282
6673,309,284,282
6674,309,285,282
6675,310,285,284
6676,308,286,286
6677,309,286,286
6678,309,286,284
6679,309,284,282
6680,310,281,280
6681,308,282,284
6682,309,286,284
6683,309,288,286
6684,309,286,286
6685,308,284,286
6686,309,282,284
6687,309,284,281
6688,309,284,280
6689,309,286,281
6690,310,286,286
6691,309,286,288
6692,309,284,286
6693,308,284,284
6694,309,284,281
6695,309,285,281
6696,308,286,284
6697,309,284,286
6698,309,284,285
6699,309,284,284
6700,308,286,282
6701,309,286,282
6702,310,284,282
6703,309,284,284
6704,309,284,285
6705,308,286,286
6706,310,285,286
6707,309,284,282
6708,309,284,281
6709,309,285,281
6710,310,285,284
6711,309,284,286
6712,310,285,288
6713,310,286,287
6714,309,286,285
6715,309,284,282
6716,308,282,278
6717,309,282,280
6718,308,286,284
6719,309,287,288
6720,310,287,289
6721,309,285,286
6722,309,284,284
6723,309,282,280
6724,309,282,280
6725,309,284,282
6726,309,284,284
6727,309,290,286
6728,309,289,286
6729,309,284,286
6730,309,282,282
6731,309,282,282
6732,308,284,282
6733,309,285,284
6734,309,286,284
6735,309,284,286
6736,309,286,284
6737,309,286,284
6738,309,284,284
6739,309,284,284
6740,309,285,284
6741,309,285,284
6742,309,284,284
6743,309,284,284
6744,309,284,284
6745,308,288,284
6746,309,288,284
6747,309,284,285
6748,308,284,286
6749,308,284,284
6750,309,284,282
6751,308,284,281
6752,309,284,282
6753,309,284,284
6754,309,288,286
6755,309,287,286
6756,309,284,286
6757,309,282,284
6758,309,284,281
6759,309,284,280
6760,310,284,282
6761,309,285,286
6762,310,284,288
6763,309,286,286
6764,309,285,282
6765,308,284,280
6766,309,284,281
6767,309,286,284
6768,309,286,284
6769,309,286,287
6770,310,284,286
6771,309,282,284
6772,308,284,282
6773,310,284,280
6774,308,285,282
6775,310,287,285
6776,309,288,287
6777,309,286,286
6778,309,284,285
6779,309,282,280
6780,309,281,279
6781,309,284,280
6782,309,286,286
6783,309,286,288
6784,309,286,289
6785,310,287,286
6786,309,284,282
6787,309,281,279
6788,309,280,280
6789,309,284,282
6790,309,288,286
6791,309,290,288
6792,309,285,286
6793,309,284,284
6794,309,282,282
6795,309,284,280
6796,308,284,282
6797,308,286,284
6798,308,285,286
6799,309,286,287
6800,309,286,286
6801,308,284,282
6802,309,284,281
6803,308,285,280
6804,309,284,282
6805,308,284,285
6806,309,284,286
6807,309,286,286
6808,309,287,285
6809,309,286,284
6810,309,284,282
6811,309,284,282
6812,309,285,282
6813,309,286,282
6814,309,284,284
6815,309,284,286
6816,309,284,286
6817,309,284,284
6818,309,286,284
6819,309,285,282
6820,309,284,284
6821,309,285,284
6822,310,284,285
6823,308,285,286
6824,309,284,288
6825,308,285,286
6826,309,285,284
6827,308,284,284
6828,309,282,282
6829,309,282,284
6830,310,287,286
6831,309,289,288
6832,309,288,288
6833,310,284,286
6834,308,281,285
6835,309,280,284
6836,308,284,282
6837,309,285,280
6838,309,287,286
6839,309,288,290
6840,309,287,290
6841,308,282,286
6842,308,280,284
6843,309,282,280
6844,309,284,280
6845,309,286,282
6846,309,286,284
6847,309,284,288
6848,308,286,288
6849,309,286,284
6850,309,284,282
6851,309,282,279
6852,308,281,282
6853,309,284,284
6854,308,286,288
6855,309,288,288
6856,309,286,286
6857,309,286,284
6858,309,282,282
6859,308,280,280
6860,309,282,282
6861,308,286,285
6862,308,287,290
6863,309,286,290
6864,308,284,284
6865,309,282,280
6866,309,284,280
6867,308,285,282
6868,309,284,284
6869,309,284,287
6870,309,284,288
6871,309,284,287
6872,308,282,284
6873,308,282,282
6874,308,284,281
6875,308,288,284
6876,309,287,286
6877,309,284,288
6878,309,284,285
6879,309,282,282
6880,309,284,280
6881,309,284,282
6882,310,285,284
6883,309,285,286
6884,309,286,288
6885,310,286,288
6886,309,284,286
6887,308,284,281
6888,309,284,280
6889,308,284,281
6890,310,284,285
6891,308,284,286
6892,308,284,286
6893,310,288,285
6894,308,286,284
6895,310,284,284
6896,308,280,284
6897,309,282,284
6898,309,286,284
6899,308,286,284
6900,308,286,284
6901,308,284,284
6902,309,285,285
6903,308,284,284
6904,308,282,282
6905,309,282,284
6906,309,284,284
6907,309,287,284
6908,308,286,286
6909,308,286,286
6910,308,284,286
6911,308,284,284
6912,308,284,284
6913,308,284,280
6914,308,285,282
6915,309,288,284
6916,308,286,285
6917,308,285,285
6918,308,284,285
6919,308,282,284
6920,309,284,284
6921,308,286,284
6922,309,285,284
6923,309,285,286
6924,309,286,285
6925,309,285,284
6926,309,284,282
6927,309,284,282
6928,309,284,282
6929,309,286,284
6930,309,288,286
6931,309,285,286
6932,309,284,286
6933,309,284,284
6934,309,284,282
6935,310,284,282
6936,309,284,284
6937,308,286,284
6938,309,288,286
6939,309,286,285
6940,310,284,282
6941,309,281,282
6942,310,284,284
6943,309,284,284
6944,309,285,286
6945,309,286,286
6946,309,286,286
6947,309,284,284
6948,308,284,282
6949,309,282,280
6950,308,284,284
6951,309,286,284
6952,309,286,286
6953,310,284,286
6954,309,284,286
6955,309,284,284
6956,309,286,284
6957,309,285,282
6958,308,284,282
6959,309,282,284
6960,309,285,285
6961,309,286,284
6962,309,286,284
6963,308,285,284
6964,309,284,282
6965,310,284,284
6966,309,284,284
6967,308,284,284
6968,309,284,286
6969,309,288,285
6970,310,286,284
6971,309,284,284
6972,309,282,284
6973,309,284,284
6974,309,285,282
6975,309,286,282
6976,308,286,282
6977,309,284,285
6978,308,286,286
6979,309,286,286
6980,309,282,286
6981,308,281,284
6982,308,282,282
6983,309,284,282
6984,309,284,284
6985,309,284,286
6986,309,284,286
6987,309,286,286
6988,309,284,284
6989,309,279,284
6990,309,278,282
6991,309,280,282
6992,309,284,282
6993,309,287,286
6994,309,286,288
6995,309,284,288
6996,309,284,284
6997,309,281,282
6998,309,278,280
6999,309,280,282
7000,309,284,284
7001,308,288,286
7002,310,288,288
7003,309,284,285
7004,309,282,284
7005,309,284,282
7006,308,285,281
7007,309,284,284
7008,309,284,288
7009,308,285,288
7010,309,285,286
7011,309,284,282
7012,309,284,280
7013,310,284,281
7014,309,286,286
7015,310,287,287
7016,309,284,286
7017,308,284,285
7018,309,284,284
7019,309,284,282
7020,309,284,282
7021,308,285,284
7022,309,285,285
7023,309,287,286
7024,309,286,285
7025,308,284,284
7026,309,284,281
7027,309,284,282
7028,308,284,284
7029,308,284,286
7030,309,284,286
7031,309,284,286
7032,309,286,285
7033,308,286,284
7034,309,284,282
7035,309,284,282
7036,309,284,284
7037,309,284,286
7038,308,284,286
7039,308,284,284
7040,309,284,282
7041,308,285,284
7042,309,284,286
7043,309,284,286
7044,308,284,286
7045,310,286,284
7046,309,284,284
7047,308,282,282
7048,308,282,282
7049,309,285,284
7050,308,289,286
7051,309,290,286
7052,308,284,284
7053,309,282,284
7054,309,281,282
7055,309,282,282
7056,308,284,284
7057,308,286,286
7058,309,288,288
7059,309,288,287
7060,309,287,284
7061,308,282,280
7062,310,280,280
7063,308,282,282
7064,309,284,285
7065,309,286,288
7066,309,286,288
7067,308,286,285
7068,308,286,282
7069,308,284,280
7070,308,284,282
7071,309,282,284
7072,309,285,286
7073,310,285,286
7074,308,284,285
7075,309,284,284
7076,308,285,282
7077,309,286,283
7078,308,286,284
7079,309,284,284
7080,308,282,286
7081,308,284,284
7082,308,284,284
7083,309,284,284
7084,309,284,284
7085,309,285,286
7086,308,285,286
7087,309,284,285
7088,309,284,282
7089,309,284,284
7090,309,286,284
7091,308,286,284
7092,309,284,286
7093,309,284,286
7094,309,284,286
7095,309,286,284
7096,308,285,282
7097,309,284,281
7098,309,282,284
7099,309,286,286
7100,309,288,286
7101,309,286,286
7102,309,284,284
7103,309,282,282
7104,309,284,280
7105,309,284,282
7106,309,285,286
7107,309,286,288
7108,309,289,288
7109,309,286,286
7110,308,282,284
7111,309,279,280
7112,309,281,280
7113,309,285,282
7114,309,289,288
7115,309,290,289
7116,309,286,290
7117,309,284,285
7118,309,282,281
7119,309,278,278
7120,309,279,280
7121,308,286,284
7122,310,290,288
7123,309,290,290
7124,309,286,288
7125,309,282,284
7126,310,281,281
7127,308,281,279
7128,308,282,280
7129,309,284,285
7130,309,288,288
7131,310,288,288
7132,309,286,286
7133,310,284,282
7134,309,280,280
7135,308,284,280
7136,308,284,282
7137,309,284,285
7138,309,286,288
7139,309,288,288
7140,309,286,286
7141,309,284,284
7142,308,280,280
7143,308,279,282
7144,309,284,284
7145,309,288,286
7146,309,286,288
7147,309,284,286
7148,309,284,284
7149,309,284,282
7150,309,282,282
7151,308,282,284
7152,309,284,286
7153,309,288,287
7154,308,288,286
7155,309,284,284
7156,309,282,284
7157,308,284,283
7158,309,284,284
7159,308,284,284
7160,310,284,285
7161,309,284,284
7162,308,287,284
7163,309,287,284
7164,309,284,282
7165,309,282,284
7166,308,284,284
7167,309,284,284
7168,309,285,284
7169,309,285,284
7170,309,286,284
7171,309,287,284
7172,309,286,284
7173,309,282,282
7174,309,280,284
7175,309,284,284
7176,309,286,284
7177,308,286,284
7178,309,287,284
7179,309,286,285
7180,309,286,285
7181,309,284,284
7182,310,280,282
7183,309,281,282
7184,308,286,282
7185,309,288,284
7186,309,288,284
7187,309,286,286
7188,309,284,286
7189,309,284,284
7190,309,284,282
7191,309,282,280
7192,309,284,284
7193,310,286,286
7194,309,288,286
7195,310,286,286
7196,310,284,284
7197,309,284,284
7198,309,284,282
7199,309,284,282
7200,309,284,282
7201,309,284,286
7202,309,287,286
7203,309,288,284
7204,309,285,282
7205,309,284,284
7206,309,282,284
7207,309,284,284
7208,309,286,284
7209,309,286,282
7210,309,284,284
7211,309,284,284
7212,308,285,284
7213,309,284,284
7214,309,285,284
7215,309,286,286
7216,309,285,285
7217,309,284,284
7218,308,281,280
7219,309,282,282
7220,309,287,284
7221,309,289,286
7222,308,286,286
7223,309,284,285
7224,309,282,282
7225,309,282,282
7226,309,284,282
7227,309,286,284
7228,309,286,286
7229,309,288,288
7230,309,286,286
7231,309,284,284
7232,309,282,282
7233,309,284,280
7234,309,286,282
7235,309,286,286
7236,309,286,287
7237,309,284,287
7238,309,286,285
7239,309,284,282
7240,309,282,280
7241,308,282,280
7242,309,286,282
7243,309,288,286
7244,310,288,288
7245,309,286,286
7246,309,284,284
7247,309,284,282
7248,308,282,280
7249,309,280,282
7250,309,284,286
7251,309,288,288
7252,309,290,287
7253,309,286,284
7254,308,284,282
7255,310,278,282
7256,308,282,284
7257,309,284,284
7258,309,286,286
7259,309,288,286
7260,308,288,286
7261,309,285,284
7262,308,282,282
7263,308,282,282
7264,308,284,284
7265,309,288,286
7266,309,287,286
7267,309,284,286
7268,309,282,284
7269,309,285,282
7270,309,287,282
7271,308,285,284
7272,309,284,286
7273,309,282,288
7274,309,284,285
7275,309,285,282
7276,309,284,280
7277,309,284,282
7278,309,287,284
7279,309,287,284
7280,309,284,286
7281,309,284,286
7282,309,282,285
7283,309,284,284
7284,309,285,281
7285,309,284,282
7286,309,285,285
7287,309,286,286
7288,309,286,285
7289,309,284,284
7290,309,282,282
7291,309,284,282
7292,309,286,284
7293,308,286,285
7294,309,284,286
7295,309,284,286
7296,309,285,284
7297,308,286,281
7298,309,285,281
7299,309,285,284
7300,309,284,286
7301,309,286,287
7302,309,284,286
7303,309,282,284
7304,308,280,282
7305,309,282,282
7306,308,284,282
7307,309,284,285
7308,308,284,286
7309,308,284,286
7310,309,284,284
7311,308,284,282
7312,308,281,280
7313,308,281,282
7314,309,284,286
7315,308,284,288
7316,309,282,288
7317,308,282,286
7318,309,284,282
7319,308,284,280
7320,309,284,281
7321,309,284,282
7322,308,284,287
7323,309,285,288
7324,308,285,286
7325,309,284,282
7326,309,284,282
7327,309,285,282
7328,310,286,284
7329,309,285,286
7330,309,284,286
7331,309,284,286
7332,308,285,284
7333,309,285,281
7334,309,284,280
7335,309,284,283
7336,309,286,286
7337,309,286,287
7338,309,284,288
7339,310,284,284
7340,309,282,282
7341,308,285,282
7342,309,285,281
7343,309,284,284
7344,308,286,286
7345,309,288,288
7346,309,286,286
7347,309,284,286
7348,308,281,282
7349,309,280,280
7350,309,286,281
7351,309,288,284
7352,310,287,286
7353,309,286,288
7354,309,286,286
7355,309,284,284
7356,308,280,282
7357,309,280,281
7358,309,282,284
7359,309,288,286
7360,309,290,288
7361,309,287,288
7362,309,285,284
7363,309,284,282
7364,309,284,280
7365,308,282,282
7366,309,284,284
7367,309,284,286
7368,309,288,286
7369,309,288,286
7370,309,285,286
7371,309,284,284
7372,309,284,282
7373,309,284,282
7374,309,284,284
7375,308,284,286
7376,309,286,286
7377,309,288,285
7378,309,286,284
7379,309,282,284
7380,309,280,284
7381,309,284,282
7382,308,286,285
7383,309,286,287
7384,309,286,287
7385,309,285,284
7386,309,285,282
7387,309,284,280
7388,309,281,282
7389,309,282,286
7390,309,286,288
7391,309,288,286
7392,309,287,284
7393,309,286,282
7394,309,282,282
7395,309,282,284
7396,309,284,284
7397,309,284,284
7398,309,286,286
7399,309,288,284
7400,309,288,284
7401,309,284,284
7402,309,282,282
7403,309,282,284
7404,309,284,285
7405,309,285,286
7406,309,284,286
7407,309,285,284
7408,309,286,282
7409,309,285,282
7410,309,284,284
7411,309,284,284
7412,310,284,286
7413,309,285,286
7414,309,285,284
7415,309,284,281
7416,309,284,284
7417,309,285,284
7418,309,286,286
7419,309,284,288
7420,309,284,286
7421,309,284,282
7422,309,284,281
7423,309,284,281
7424,309,284,282
7425,309,286,286
7426,309,288,288
7427,309,286,286
7428,309,281,284
7429,309,279,280
7430,308,282,280
7431,309,286,282
7432,309,289,285
7433,309,288,288
7434,309,285,288
7435,308,282,285
7436,309,280,280
7437,308,280,279
7438,309,284,280
7439,309,286,284
7440,309,289,288
7441,309,288,289
7442,309,285,286
7443,309,281,284
7444,309,282,280
7445,309,282,280
7446,309,284,284
7447,309,284,286
7448,309,288,288
7449,309,288,288
7450,309,286,286
7451,309,282,281
7452,309,280,280
7453,309,284,281
7454,309,286,284
7455,309,284,288
7456,309,284,288
7457,309,284,284
7458,309,284,282
7459,309,284,280
7460,309,284,280
7461,308,282,284
7462,308,286,288
7463,308,286,286
7464,309,284,286
7465,309,281,282
7466,308,282,281
7467,309,284,282
7468,309,286,284
7469,309,286,286
7470,308,284,288
7471,308,284,288
7472,310,284,285
7473,308,282,282
7474,308,282,281
7475,309,284,282
7476,309,286,285
7477,309,286,287
7478,308,284,286
7479,309,282,284
7480,309,284,282
7481,308,284,280
7482,309,281,281
7483,308,282,284
7484,309,286,288
7485,309,288,289
7486,309,286,287
7487,309,284,282
7488,309,280,280
7489,309,282,280
7490,309,284,282
7491,308,284,284
7492,309,286,288
7493,308,288,288
7494,309,286,286
7495,309,284,282
7496,308,282,280
7497,309,280,280
7498,308,284,284
7499,308,286,286
7500,308,285,286
7501,308,286,286
7502,309,288,284
7503,309,286,282
7504,308,284,282
7505,309,282,282
7506,308,282,284
7507,308,286,286
7508,308,286,286
7509,309,284,284
7510,309,284,282
7511,309,285,281
7512,309,286,282
7513,309,285,284
7514,309,285,286
7515,309,284,286
7516,308,284,285
7517,309,284,284
7518,308,281,282
7519,309,282,284
7520,309,286,284
7521,308,288,284
7522,309,286,284
7523,309,284,284
7524,308,284,284
7525,308,284,284
7526,308,284,282
7527,308,282,282
7528,309,284,284
7529,309,286,284
7530,309,288,285
7531,309,287,285
7532,310,286,284
7533,308,284,282
7534,309,284,282
7535,309,284,282
7536,309,284,282
7537,308,284,286
7538,309,288,286
7539,309,286,284
7540,309,284,284
7541,308,282,281
7542,309,284,282
7543,308,285,284
7544,309,286,285
7545,308,285,284
7546,308,284,284
7547,309,284,284
7548,308,284,284
7549,309,284,284
7550,309,285,284
7551,308,286,284
7552,309,284,286
7553,308,284,285
7554,308,284,282
7555,309,284,282
7556,309,288,282
7557,309,287,284
7558,309,284,285
7559,308,282,286
7560,309,284,285
7561,308,286,284
7562,308,286,282
7563,309,284,282
7564,308,284,284
7565,309,284,284
7566,308,286,284
7567,309,284,284
7568,308,284,284
7569,308,284,284
7570,308,285,284
7571,309,285,284
7572,309,284,284
7573,309,284,284
7574,309,286,284
7575,309,284,282
7576,309,282,282
7577,309,282,284
7578,309,284,286
7579,308,288,286
7580,309,288,284
7581,309,285,282
7582,309,281,282
7583,308,284,284
7584,309,284,284
7585,309,284,286
7586,308,286,286
7587,309,287,286
7588,309,286,284
7589,309,284,281
7590,308,282,281
7591,308,281,284
7592,310,286,286
7593,308,288,286
7594,308,286,286
7595,308,284,284
7596,308,282,282
7597,309,282,281
7598,308,284,282
7599,308,285,284
7600,309,284,286
7601,309,286,287
7602,309,285,284
7603,308,284,281
7604,309,284,280
7605,309,284,282
7606,308,286,284
7607,308,285,286
7608,309,285,286
7609,309,284,285
7610,308,285,284
7611,309,284,282
7612,308,282,280
7613,308,282,282
7614,309,286,285
7615,309,288,286
7616,309,287,287
7617,309,285,285
7618,309,281,284
7619,309,282,282
7620,308,284,284
7621,308,284,284
7622,309,285,286
7623,308,288,286
7624,309,288,284
7625,309,285,282
7626,309,284,280
7627,308,282,282
7628,308,285,284
7629,309,288,286
7630,309,286,286
7631,308,285,288
7632,309,285,284
7633,309,284,282
7634,308,284,282
7635,308,284,282
7636,308,286,284
7637,309,288,284
7638,309,288,285
7639,309,284,285
7640,309,282,286
7641,308,285,284
7642,309,286,282
7643,309,284,282
7644,309,284,284
7645,309,284,284
7646,308,285,286
7647,309,286,285
7648,309,285,284
7649,309,284,284
7650,309,284,282
7651,309,284,282
7652,310,282,284
7653,309,284,286
7654,309,286,286
7655,309,288,286
7656,308,286,285
7657,309,281,282
7658,309,280,282
7659,309,284,282
7660,308,287,282
7661,308,288,284
7662,309,285,288
7663,309,284,288
7664,309,284,286
7665,309,282,282
7666,309,282,280
7667,310,284,282
7668,308,286,284
7669,309,288,286
7670,309,286,287
7671,309,285,286
7672,308,284,284
7673,309,282,282
7674,309,282,281
7675,309,282,282
7676,308,284,286
7677,309,288,288
7678,309,289,287
7679,309,286,286
7680,308,282,284
7681,308,280,282
7682,308,281,280
7683,309,284,281
7684,309,286,282
7685,309,288,288
7686,309,289,290
7687,309,286,288
7688,309,280,284
7689,308,279,281
7690,308,282,280
7691,309,286,282
7692,309,288,284
7693,309,288,286
7694,308,285,287
7695,308,284,286
7696,308,284,284
7697,309,282,282
7698,309,282,282
7699,309,284,284
7700,309,285,285
7701,309,286,286
7702,308,285,285
7703,308,284,285
7704,308,286,284
7705,309,284,282
7706,309,281,282
7707,309,280,284
7708,309,284,285
7709,309,287,286
7710,308,288,286
7711,308,286,284
7712,310,284,282
7713,308,284,284
7714,309,282,284
7715,308,280,285
7716,309,284,286
7717,309,288,285
7718,309,290,284
7719,309,286,284
7720,308,282,282
7721,309,279,284
7722,309,284,284
7723,308,286,284
7724,309,286,285
7725,309,286,285
7726,309,286,284
7727,309,284,282
7728,309,282,283
7729,309,284,284
7730,309,284,286
7731,308,286,286
7732,309,284,286
7733,309,280,284
7734,309,282,282
7735,309,285,282
7736,308,289,282
7737,308,288,286
7738,308,285,288
7739,309,280,288
7740,308,282,284
7741,308,284,281
7742,309,284,281
7743,308,286,284
7744,309,288,286
7745,309,288,288
7746,308,285,288
7747,308,284,286
7748,309,281,282
7749,308,284,279
7750,309,284,280
7751,309,284,282
7752,308,286,288
7753,308,288,290
7754,308,286,288
7755,308,282,282
7756,308,280,278
7757,309,280,278
7758,309,285,282
7759,309,288,286
7760,308,287,288
7761,309,286,289
7762,309,284,286
7763,309,284,280
7764,309,282,278
7765,308,282,280
7766,308,284,286
7767,309,287,290
7768,308,288,288
7769,309,285,285
7770,309,282,281
7771,308,282,279
7772,310,284,279
7773,308,284,284
7774,309,286,288
7775,308,286,290
7776,309,288,289
7777,309,286,285
7778,308,280,278
7779,309,279,278
7780,309,282,280
7781,308,286,286
7782,309,287,289
7783,309,289,289
7784,309,286,286
7785,309,284,282
7786,309,282,280
7787,308,280,278
7788,309,280,282
7789,309,284,286
7790,309,288,288
7791,308,288,287
7792,309,288,284
7793,309,284,282
7794,308,282,282
7795,308,280,282
7796,309,280,281
7797,309,282,284
7798,308,288,286
7799,309,288,286
7800,308,285,285
7801,308,284,282
7802,308,284,281
7803,308,284,282
7804,309,284,286
7805,309,284,285
7806,309,284,285
7807,308,286,284
7808,309,285,282
7809,308,284,282
7810,308,282,284
7811,309,284,284
7812,309,286,284
7813,309,286,285
7814,309,284,284
7815,309,282,284
7816,308,284,282
7817,309,286,284
7818,308,284,284
7819,309,284,285
7820,309,284,284
7821,308,284,284
7822,308,284,284
7823,309,284,284
7824,309,284,284
7825,309,286,284
7826,308,288,284
7827,308,284,284
7828,308,284,284
7829,308,284,284
7830,309,284,282
7831,309,284,284
7832,310,284,284
7833,309,284,285
7834,308,286,286
7835,308,286,284
7836,309,284,284
7837,308,284,284
7838,308,284,284
7839,309,284,284
7840,309,284,284
7841,309,284,284
7842,308,284,284
7843,309,286,284
7844,309,285,282
7845,309,282,284
7846,308,282,286
7847,308,285,285
7848,309,286,284
7849,308,284,284
7850,309,284,284
7851,308,282,284
7852,308,284,284
7853,308,286,284
7854,309,285,284
7855,308,286,284
7856,309,286,284
7857,308,284,282
7858,308,280,282
7859,309,281,284
7860,309,284,284
7861,309,289,286
7862,309,289,285
7863,309,284,284
7864,308,282,282
7865,308,284,281
7866,309,284,282
7867,309,284,284
7868,309,284,286
7869,309,284,286
7870,309,285,284
7871,308,285,282
7872,309,284,280
7873,309,284,284
7874,309,287,285
7875,309,286,286
7876,308,282,286
7877,309,280,284
7878,308,282,282
7879,308,286,280
7880,308,288,280
7881,309,286,284
7882,309,284,288
7883,308,284,287
7884,308,284,284
7885,308,284,282
7886,309,284,282
7887,309,284,284
7888,308,284,284
7889,309,286,286
7890,309,286,286
7891,309,286,286
7892,310,286,284
7893,308,284,280
7894,309,280,280
7895,308,280,282
7896,308,284,286
7897,309,289,288
7898,308,289,288
7899,309,284,284
7900,309,281,282
7901,309,282,280
7902,309,282,280
7903,308,284,284
7904,308,286,287
7905,308,286,288
7906,309,286,286
7907,309,284,281
7908,308,282,278
7909,308,282,282
7910,308,286,284
7911,309,287,288
7912,309,285,288
7913,309,284,286
7914,308,282,282
7915,309,284,278
7916,309,285,279
7917,309,285,282
7918,309,286,286
7919,309,288,288
7920,308,286,287
7921,309,282,286
7922,309,279,284
7923,308,282,281
7924,309,286,280
7925,309,288,284
7926,308,286,286
7927,309,284,288
7928,309,286,286
7929,308,285,284
7930,308,282,280
7931,308,280,282
7932,309,282,284
7933,309,286,286
7934,308,288,288
7935,309,288,286
7936,309,286,284
7937,308,285,284
7938,308,282,282
7939,308,280,282
7940,309,282,284
7941,309,286,286
7942,308,289,286
7943,308,288,284
7944,309,282,282
7945,308,277,282
7946,308,280,284
7947,309,280,284
7948,309,280,286
7949,309,281,286
7950,308,284,284
7951,308,284,282
7952,310,284,282
7953,309,280,282
7954,308,279,285
7955,309,282,287
7956,308,282,286
7957,309,280,284
7958,308,280,282
7959,308,282,284
7960,309,284,284
7961,309,285,286
7962,309,284,286
7963,308,284,285
7964,309,286,284
7965,309,286,282
7966,308,284,282
7967,309,284,284
7968,309,284,286
7969,308,286,286
7970,309,286,286
7971,308,284,284
7972,308,284,282
7973,308,284,284
7974,308,285,284
7975,309,284,284
7976,309,284,286
7977,309,284,286
7978,308,284,284
7979,309,285,282
7980,308,285,282
7981,308,286,284
7982,309,287,288
7983,309,286,288
7984,309,284,284
7985,308,281,282
7986,308,282,280
7987,308,284,281
7988,308,286,284
7989,309,288,286
7990,310,287,288
7991,309,287,288
7992,308,284,285
7993,308,280,281
7994,308,279,278
7995,308,282,280
7996,308,286,284
7997,309,288,288
7998,308,288,290
7999,308,286,288
8000,309,284,284
8001,309,282,280
8002,309,280,278
8003,308,282,282
8004,308,286,286
8005,309,288,288
8006,309,287,289
8007,309,285,284
8008,308,284,282
8009,309,284,280
8010,308,284,282
8011,308,284,284
8012,310,284,287
8013,309,287,288
8014,309,286,287
8015,309,284,284
8016,308,284,281
8017,309,284,280
8018,309,285,284
8019,309,286,286
8020,309,285,286
8021,308,285,287
8022,308,286,285
8023,309,284,282
8024,308,281,282
8025,308,282,282
8026,308,284,284
8027,309,288,286
8028,309,289,286
8029,308,286,284
8030,309,280,283
8031,309,281,282
8032,309,282,282
8033,309,284,284
8034,309,286,286
8035,309,289,287
8036,308,287,286
8037,309,284,284
8038,308,281,281
8039,309,280,282
8040,309,285,284
8041,309,287,286
8042,309,286,288
8043,308,284,286
8044,309,285,284
8045,308,285,282
8046,308,285,282
8047,309,284,284
8048,309,282,286
8049,308,285,286
8050,309,284,284
8051,308,282,282
8052,309,282,282
8053,308,286,282
8054,308,287,284
8055,309,286,286
8056,308,284,286
8057,309,282,284
8058,308,284,284
8059,308,284,282
8060,309,284,282
8061,309,284,284
8062,309,285,285
8063,309,286,285
8064,309,285,284
8065,308,285,282
8066,308,284,284
8067,309,286,284
8068,308,284,285
8069,309,281,286
8070,309,281,286
8071,309,284,284
8072,310,286,282
8073,309,286,282
8074,308,286,284
8075,309,284,284
8076,308,286,286
8077,308,284,284
8078,309,280,284
8079,309,280,284
8080,308,284,282
8081,309,288,282
8082,308,288,286
8083,308,288,287
8084,309,284,286
8085,309,282,284
8086,309,282,280
8087,308,280,280
8088,309,281,284
8089,308,287,286
8090,309,289,286
8091,308,289,286
8092,308,284,284
8093,309,281,282
8094,308,282,282
8095,308,284,282
8096,308,284,282
8097,309,285,286
8098,309,286,287
8099,309,286,286
8100,309,285,282
8101,308,285,280
8102,309,284,282
8103,309,286,286
8104,308,285,284
8105,308,284,282
8106,308,284,284
8107,309,286,282
8108,309,286,280
8109,309,284,279
8110,308,284,284
8111,309,286,285
8112,308,288,286
8113,309,287,286
8114,309,284,284
8115,308,282,284
8116,308,284,282
8117,308,284,282
8118,309,284,284
8119,308,286,286
8120,309,288,286
8121,309,288,285
8122,309,286,284
8123,308,281,282
8124,308,279,284
8125,309,282,284
8126,308,284,285
8127,308,285,286
8128,308,286,286
8129,309,286,284
8130,309,286,284
8131,308,284,282
8132,310,282,282
8133,309,282,284
8134,308,285,285
8135,309,284,284
8136,308,284,284
8137,309,282,284
8138,308,284,284
8139,309,287,284
8140,309,286,284
8141,309,284,284
8142,309,282,284
8143,309,284,282
8144,309,284,282
8145,308,284,284
8146,309,284,286
8147,308,286,286
8148,309,287,285
8149,308,285,284
8150,309,282,282
8151,308,282,282
8152,309,285,282
8153,308,286,282
8154,308,284,284
8155,309,284,286
8156,308,284,286
8157,308,286,284
8158,308,286,282
8159,308,284,280
8160,309,282,282
8161,309,284,284
8162,308,284,286
8163,309,282,286
8164,308,284,286
8165,308,285,284
8166,308,286,282
8167,308,286,282
8168,309,284,282
8169,308,282,286
8170,309,286,286
8171,309,286,286
8172,309,284,284
8173,309,282,282
8174,308,282,282
8175,309,284,282
8176,309,285,284
8177,309,286,286
8178,309,284,287
8179,309,286,286
8180,309,284,282
8181,308,282,280
8182,309,280,282
8183,308,284,284
8184,308,284,285
8185,309,286,285
8186,308,286,284
8187,308,286,284
8188,309,286,282
8189,308,285,282
8190,308,282,282
8191,308,280,284
8192,310,284,286
8193,308,285,284
8194,308,284,284
8195,308,286,284
8196,309,286,284
8197,309,287,284
8198,308,286,284
8199,308,282,284
8200,309,280,284
8201,308,284,284
8202,309,285,284
8203,309,286,284
8204,309,286,284
8205,309,286,284
8206,308,286,284
8207,308,284,284
8208,308,282,282
8209,309,282,284
8210,308,284,284
8211,309,286,284
8212,308,284,284
8213,308,284,284
8214,308,284,284
8215,308,286,284
8216,309,285,284
8217,308,282,284
8218,308,282,284
8219,309,285,284
8220,308,286,284
8221,309,285,284
8222,308,284,284
8223,309,284,282
8224,308,284,282
8225,309,285,284
8226,309,284,284
8227,308,284,286
8228,309,286,284
8229,308,285,284
8230,309,284,282
8231,308,284,284
8232,309,284,284
8233,308,286,284
8234,309,286,284
8235,308,284,284
8236,309,282,284
8237,309,284,284
8238,308,284,284
8239,309,284,284
8240,309,285,285
8241,309,285,285
8242,309,284,284
8243,309,284,284
8244,308,284,282
8245,309,284,284
8246,308,286,284
8247,308,286,284
8248,308,284,285
8249,308,284,284
8250,308,285,284
8251,308,285,284
8252,310,284,284
8253,309,282,284
8254,309,282,284
8255,309,286,284
8256,308,286,284
8257,308,284,284
8258,308,284,284
8259,308,284,284
8260,309,284,284
8261,309,284,284
8262,309,282,284
8263,309,281,284
8264,309,287,284
8265,309,288,284
8266,309,288,284
8267,309,286,284
8268,308,286,284
8269,308,285,284
8270,309,285,284
8271,308,284,282
8272,309,285,284
8273,309,288,286
8274,309,288,285
8275,310,286,286
8276,309,285,285
8277,309,288,284
8278,309,288,284
8279,308,286,284
8280,309,284,284
8281,309,280,284
8282,309,284,284
8283,308,286,284
8284,309,288,284
8285,308,288,285
8286,309,287,286
8287,309,284,286
8288,309,280,284
8289,308,278,282
8290,309,280,282
8291,309,287,284
8292,309,290,284
8293,309,288,286
8294,308,286,286
8295,308,284,285
8296,309,281,282
8297,309,280,281
8298,308,282,281
8299,308,284,284
8300,308,288,286
8301,308,290,286
8302,308,288,286
8303,308,286,284
8304,308,284,284
8305,308,282,282
8306,308,280,282
8307,308,282,282
8308,309,284,284
8309,308,288,286
8310,309,290,286
8311,309,286,284
8312,310,284,284
8313,308,282,282
8314,309,282,282
8315,308,282,284
8316,309,285,284
8317,308,286,285
8318,308,288,286
8319,309,286,284
8320,309,284,282
8321,308,281,284
8322,308,284,284
8323,308,284,285
8324,309,286,285
8325,309,286,284
8326,308,286,284
8327,309,286,282
8328,308,285,282
8329,309,284,282
8330,309,284,284
8331,308,286,285
8332,308,286,284
8333,308,284,284
8334,308,284,282
8335,309,284,282
8336,308,286,282
8337,308,287,284
8338,308,285,284
8339,309,284,286
8340,308,284,285
8341,309,284,284
8342,308,284,281
8343,309,284,282
8344,309,285,284
8345,309,287,286
8346,308,287,288
8347,309,284,284
8348,309,282,284
8349,308,284,282
8350,308,285,282
8351,309,284,282
8352,309,284,285
8353,308,285,287
8354,309,286,286
8355,308,285,284
8356,309,284,281
8357,309,282,282
8358,309,284,284
8359,308,286,284
8360,309,286,285
8361,308,287,286
8362,308,286,284
8363,308,284,284
8364,309,282,282
8365,308,282,282
8366,308,282,284
8367,308,288,284
8368,308,288,286
8369,309,285,286
8370,308,282,284
8371,308,282,282
8372,310,284,282
8373,309,284,284
8374,309,284,284
8375,309,284,286
8376,308,288,284
8377,308,286,284
8378,308,282,284
8379,308,281,284
8380,308,284,284
8381,308,286,284
8382,308,286,284
8383,309,285,284
8384,309,284,286
8385,308,285,284
8386,308,284,284
8387,308,280,284
8388,308,282,284
8389,309,285,284
8390,308,288,284
8391,309,288,284
8392,308,285,284
8393,308,280,285
8394,309,282,284
8395,308,284,284
8396,309,284,284
8397,309,284,284
8398,308,287,284
8399,308,288,284
8400,308,286,284
8401,309,284,284
8402,308,282,284
8403,309,284,284
8404,308,284,282
8405,308,284,282
8406,309,286,284
8407,309,288,284
8408,309,286,285
8409,308,284,286
8410,309,284,284
8411,308,282,284
8412,308,285,282
8413,309,286,282
8414,309,284,284
8415,308,284,286
8416,309,285,286
8417,309,284,284
8418,309,284,284
8419,309,284,282
8420,308,284,282
8421,308,286,284
8422,309,286,286
8423,309,282,288
8424,308,284,286
8425,309,284,284
8426,308,286,282
8427,309,285,281
8428,309,284,282
8429,308,285,286
8430,309,286,288
8431,309,285,288
8432,310,284,284
8433,309,280,282
8434,309,282,281
8435,309,284,282
8436,308,285,284
8437,308,288,288
8438,309,288,289
8439,309,286,287
8440,309,284,282
8441,308,280,278
8442,309,280,280
8443,309,284,284
8444,309,288,286
8445,309,288,290
8446,309,286,289
8447,309,284,286
8448,309,282,281
8449,308,281,279
8450,308,280,280
8451,308,282,284
8452,308,288,288
8453,309,290,288
8454,308,288,286
8455,309,284,284
8456,309,281,280
8457,308,280,280
8458,309,282,284
8459,309,284,285
8460,309,289,289
8461,308,292,288
8462,309,286,286
8463,309,280,282
8464,308,278,280
8465,308,281,281
8466,308,286,285
8467,309,289,288
8468,309,286,286
8469,309,284,286
8470,309,284,282
8471,308,284,280
8472,309,282,282
8473,308,284,286
8474,308,285,288
8475,309,286,288
8476,308,285,284
8477,308,284,281
8478,308,281,280
8479,308,284,282
8480,309,286,284
8481,308,285,288
8482,309,284,290
8483,309,284,288
8484,309,284,282
8485,309,284,280
8486,308,284,280
8487,309,284,284
8488,308,288,288
8489,308,288,288
8490,309,284,287
8491,308,282,284
8492,310,282,281
8493,308,284,280
8494,309,284,284
8495,308,284,286
8496,309,286,288
8497,309,288,286
8498,309,286,284
8499,308,282,280
8500,308,280,282
8501,309,284,284
8502,309,286,286
8503,309,286,288
8504,309,285,286
8505,308,284,284
8506,309,284,282
8507,308,284,280
8508,308,282,282
8509,308,285,285
8510,308,288,288
8511,309,286,288
8512,308,284,285
8513,309,280,282
8514,308,279,281
8515,309,284,282
8516,308,288,284
8517,309,288,286
8518,309,286,288
8519,309,284,286
8520,309,282,282
8521,308,280,280
8522,309,282,282
8523,309,284,285
8524,309,288,288
8525,309,287,288
8526,309,284,286
8527,308,282,282
8528,309,284,280
8529,309,284,282
8530,309,284,284
8531,309,284,286
8532,309,284,288
8533,309,286,286
8534,309,286,284
8535,308,284,282
8536,309,284,282
8537,308,284,284
8538,309,284,286
8539,309,284,286
8540,309,284,284
8541,309,284,284
8542,309,286,284
8543,309,286,284
8544,308,282,282
8545,309,282,284
8546,309,284,284
8547,308,286,284
8548,308,286,284
8549,308,286,284
8550,308,284,284
8551,309,284,284
8552,310,284,285
8553,308,280,284
8554,309,282,284
8555,308,286,284
8556,309,288,284
8557,308,286,284
8558,309,284,284
8559,309,282,285
8560,309,284,285
8561,308,284,284
8562,309,282,282
8563,308,282,284
8564,308,284,284
8565,309,286,284
8566,308,286,285
8567,309,286,286
8568,309,284,286
8569,308,282,284
8570,309,284,282
8571,309,284,279
8572,309,284,282
8573,309,287,284
8574,309,286,286
8575,309,284,286
8576,309,282,284
8577,308,284,282
8578,309,285,282
8579,308,286,284
8580,309,284,284
8581,309,282,286
8582,308,284,286
8583,309,284,285
8584,308,288,284
8585,309,288,282
8586,309,288,284
8587,309,287,284
8588,309,286,284
8589,309,284,284
8590,308,284,284
8591,309,288,286
8592,308,289,285
8593,310,288,284
8594,309,288,284
8595,309,287,284
8596,308,286,284
8597,309,286,284
8598,309,284,284
8599,309,285,284
8600,309,288,284
8601,308,286,284
8602,309,284,284
8603,309,284,285
8604,309,285,284
8605,308,286,284
8606,308,285,284
8607,309,284,282
8608,308,281,284
8609,308,284,284
8610,309,284,285
8611,308,284,286
8612,310,286,285
8613,309,286,284
8614,308,284,282
8615,309,282,282
8616,309,281,282
8617,308,282,284
8618,309,288,286
8619,308,288,286
8620,308,284,286
8621,309,282,284
8622,309,282,282
8623,309,284,282
8624,309,288,282
8625,309,288,284
8626,309,286,287
8627,309,284,287
8628,309,280,284
8629,308,278,282
8630,308,284,280
8631,309,288,282
8632,309,290,284
8633,309,287,288
8634,309,284,288
8635,309,279,285
8636,309,282,282
8637,308,284,280
8638,309,284,282
8639,309,285,285
8640,309,287,287
8641,309,286,286
8642,309,284,286
8643,309,282,284
8644,309,280,281
8645,308,284,282
8646,309,286,282
8647,308,286,284
8648,308,286,287
8649,308,286,287
8650,309,284,285
8651,309,282,282
8652,309,281,280
8653,308,282,282
8654,309,286,284
8655,308,288,286
8656,309,287,286
8657,308,286,285
8658,308,284,284
8659,309,281,282
8660,309,280,282
8661,308,284,284
8662,308,286,286
8663,309,288,286
8664,309,286,284
8665,309,282,282
8666,308,282,282
8667,309,285,282
8668,309,286,284
8669,309,285,286
8670,309,284,286
8671,308,284,284
8672,310,286,284
8673,308,286,282
8674,309,284,281
8675,309,284,284
8676,309,284,284
8677,309,286,285
8678,309,284,285
8679,308,284,284
8680,309,284,284
8681,309,286,282
8682,309,284,284
8683,309,282,284
8684,308,282,286
8685,309,285,285
8686,309,286,284
8687,309,285,284
8688,309,284,284
8689,308,284,284
8690,308,285,284
8691,309,286,284
8692,309,284,284
8693,309,284,284
8694,308,286,284
8695,309,286,284
8696,308,284,284
8697,309,284,284
8698,309,284,284
8699,309,285,284
8700,308,286,284
8701,309,284,284
8702,309,284,284
8703,309,285,284
8704,308,284,282
8705,308,284,284
8706,309,284,284
8707,309,285,284
8708,309,286,284
8709,308,287,284
8710,309,284,284
8711,309,284,285
8712,309,284,286
8713,308,285,284
8714,309,284,284
8715,309,284,282
8716,309,284,282
8717,309,285,282
8718,309,286,284
8719,309,285,284
8720,309,284,286
8721,309,286,286
8722,308,284,284
8723,309,280,282
8724,309,281,282
8725,309,286,284
8726,308,289,286
8727,309,288,286
8728,308,284,284
8729,309,280,284
8730,309,282,282
8731,309,284,282
8732,310,285,282
8733,309,286,286
8734,308,287,286
8735,309,285,286
8736,309,284,284
8737,308,282,284
8738,308,282,282
8739,309,286,282
8740,309,285,282
8741,309,284,285
8742,309,282,286
8743,309,285,287
8744,309,288,284
8745,309,286,284
8746,308,284,282
8747,309,280,284
8748,309,282,284
8749,309,284,284
8750,309,285,286
8751,308,286,286
8752,309,288,284
8753,309,286,284
8754,309,284,282
8755,309,282,283
8756,309,282,286
8757,309,286,287
8758,308,286,286
8759,308,284,284
8760,308,284,284
8761,309,284,282
8762,309,285,284
8763,309,284,284
8764,309,286,285
8765,309,284,286
8766,308,285,284
8767,309,284,284
8768,309,282,284
8769,309,282,284
8770,309,285,284
8771,309,286,284
8772,308,286,286
8773,309,285,286
8774,309,284,285
8775,309,284,284
8776,308,284,282
8777,308,282,282
8778,309,282,284
8779,309,284,286
8780,309,286,287
8781,309,285,286
8782,309,285,284
8783,309,284,284
8784,308,284,284
8785,309,284,284
8786,309,281,284
8787,308,284,285
8788,309,286,285
8789,309,288,284
8790,309,286,284
8791,309,284,282
8792,310,284,282
8793,309,284,284
8794,309,284,286
8795,309,284,288
8796,309,284,288
8797,308,286,284
8798,309,284,282
8799,308,282,281
8800,309,282,284
8801,308,284,285
8802,308,288,286
8803,308,288,287
8804,309,284,285
8805,309,280,284
8806,309,282,280
8807,309,284,280
8808,309,286,284
8809,309,287,288
8810,309,286,289
8811,309,285,286
8812,309,284,284
8813,309,280,278
8814,308,281,280
8815,309,286,284
8816,309,287,287
8817,309,286,288
8818,309,284,288
8819,309,284,284
8820,309,284,282
8821,309,284,280
8822,309,282,281
8823,309,284,286
8824,309,287,288
8825,309,287,288
8826,309,284,284
8827,308,284,282
8828,309,284,280
8829,309,286,282
8830,309,286,284
8831,309,284,286
8832,309,284,288
8833,309,286,286
8834,309,286,282
8835,309,284,282
8836,309,282,282
8837,309,284,284
8838,309,286,286
8839,309,286,287
8840,309,286,286
8841,309,284,284
8842,309,284,282
8843,309,284,282
8844,309,281,284
8845,309,282,286
8846,309,286,286
8847,309,288,286
8848,309,286,284
8849,309,284,282
8850,309,282,284
8851,309,285,284
8852,310,286,286
8853,309,284,286
8854,309,282,286
8855,309,284,284
8856,309,285,282
8857,309,286,282
8858,309,284,282
8859,309,284,286
8860,309,285,288
8861,309,285,286
8862,309,284,284
8863,309,284,284
8864,309,284,282
8865,309,285,282
8866,309,284,284
8867,309,284,285
8868,309,282,286
8869,309,286,286
8870,309,286,284
8871,308,284,282
8872,308,282,282
8873,309,284,284
8874,309,284,285
8875,309,284,286
8876,309,284,286
8877,309,284,284
8878,309,285,282
8879,309,284,281
8880,309,282,284
8881,309,282,286
8882,309,286,286
8883,308,286,286
8884,309,286,284
8885,309,282,284
8886,308,280,284
8887,309,285,284
8888,309,287,284
8889,309,286,286
8890,309,285,286
8891,309,285,284
8892,309,284,282
8893,309,284,282
8894,308,282,282
8895,309,284,286
8896,309,288,288
8897,308,288,286
8898,309,284,284
8899,309,284,284
8900,308,284,281
8901,309,285,281
8902,309,284,284
8903,309,284,288
8904,309,282,288
8905,309,284,286
8906,309,284,282
8907,309,282,280
8908,309,282,282
8909,309,284,284
8910,309,285,286
8911,309,282,288
8912,310,282,287
8913,309,280,284
8914,309,282,280
8915,309,284,280
8916,309,282,282
8917,309,284,286
8918,309,285,288
8919,309,286,287
8920,309,284,285
8921,309,280,282
8922,309,279,280
8923,309,282,282
8924,309,286,284
8925,309,286,284
8926,309,288,288
8927,310,287,286
8928,309,284,284
8929,309,280,280
8930,308,280,280
8931,309,284,282
8932,308,286,286
8933,309,288,287
8934,309,287,286
8935,309,286,286
8936,308,284,282
8937,309,284,281
8938,310,282,280
8939,308,284,282
8940,309,286,286
8941,309,288,287
8942,309,286,286
8943,309,284,284
8944,309,282,282
8945,308,284,282
8946,308,284,282
8947,309,284,286
8948,309,284,286
8949,309,286,286
8950,309,286,284
8951,310,284,282
8952,309,282,280
8953,309,282,282
8954,309,286,285
8955,309,288,286
8956,309,286,287
8957,309,284,284
8958,308,282,282
8959,309,282,280
8960,309,284,284
8961,308,285,284
8962,309,286,286
8963,309,288,286
8964,308,286,284
8965,309,282,282
8966,310,280,282
8967,309,284,282
8968,309,286,284
8969,309,286,286
8970,309,285,286
8971,308,284,284
8972,309,286,282
8973,309,286,282
8974,309,284,282
8975,309,284,286
8976,309,284,286
8977,309,284,284
8978,309,284,284
8979,308,284,282
8980,309,285,282
8981,309,288,284
8982,309,286,285
8983,309,284,286
8984,309,282,286
8985,308,284,284
8986,309,284,280
8987,309,285,280
8988,309,284,282
8989,309,284,286
8990,309,287,288
8991,310,286,288
8992,309,284,286
8993,308,282,282
8994,308,282,279
8995,309,284,279
8996,308,285,284
8997,309,287,286
8998,308,286,289
8999,309,288,287
9000,309,284,284
9001,308,280,280
9002,309,279,280
9003,309,284,282
9004,309,288,286
9005,309,289,288
9006,309,287,288
9007,308,284,284
9008,309,284,282
9009,309,282,280
9010,309,282,280
9011,310,284,284
9012,309,288,288
9013,309,288,288
9014,309,285,284
9015,309,284,281
9016,309,281,279
9017,309,284,282
9018,309,285,284
9019,309,286,286
9020,308,288,288
9021,309,288,286
9022,308,285,282
9023,309,282,280
9024,308,282,280
9025,309,284,282
9026,309,286,285
9027,309,288,287
9028,309,286,285
9029,309,284,284
9030,309,284,282
9031,309,282,281
9032,309,281,282
9033,309,282,284
9034,309,286,286
9035,308,289,287
9036,309,290,286
9037,309,285,282
9038,308,282,282
9039,309,282,280
9040,309,282,282
9041,309,284,284
9042,309,286,286
9043,309,288,286
9044,309,288,285
9045,308,286,284
9046,309,284,282
9047,309,282,284
9048,309,284,284
9049,309,284,284
9050,309,282,282
9051,308,282,282
9052,309,286,282
9053,308,290,284
9054,309,292,286
9055,309,285,284
9056,310,280,284
9057,309,278,282
9058,309,281,282
9059,309,284,284
9060,309,292,286
9061,309,292,286
9062,309,288,286
9063,309,282,285
9064,309,279,282
9065,309,280,281
9066,309,286,282
9067,309,292,282
9068,308,288,285
9069,309,286,285
9070,309,286,284
9071,310,285,284
9072,309,285,284
9073,309,286,284
9074,309,285,284
9075,308,287,284
9076,309,286,282
9077,308,285,282
9078,309,284,284
9079,309,286,284
9080,309,288,284
9081,309,285,286
9082,309,282,284
9083,309,281,284
9084,309,284,284
9085,309,286,282
9086,309,286,284
9087,309,284,285
9088,309,284,286
9089,309,284,285
9090,308,284,284
9091,309,286,280
9092,308,285,282
9093,309,286,284
9094,309,284,285
9095,309,282,286
9096,309,282,286
9097,309,284,284
9098,309,286,282
9099,308,286,282
9100,309,285,282
9101,309,284,284
9102,309,286,286
9103,309,286,286
9104,309,284,284
9105,309,284,284
9106,309,284,282
9107,309,284,284
9108,309,284,284
9109,309,286,284
9110,309,285,284
9111,309,286,284
9112,308,284,284
9113,309,282,284
9114,309,284,284
9115,309,285,285
9116,309,286,286
9117,309,285,286
9118,310,284,284
9119,309,282,282
9120,309,285,284
9121,309,286,284
9122,309,285,286
9123,309,285,286
9124,309,285,286
9125,309,284,284
9126,309,284,284
9127,309,284,282
9128,309,284,284
9129,309,286,285
9130,308,286,286
9131,310,284,286
9132,309,284,284
9133,309,286,284
9134,309,286,282
9135,309,284,284
9136,309,284,284
9137,309,282,284
9138,308,285,286
9139,309,286,286
9140,309,285,286
9141,309,284,284
9142,309,285,282
9143,309,284,282
9144,308,284,282
9145,308,284,284
9146,309,284,286
9147,308,286,288
9148,309,286,285
9149,309,284,282
9150,309,284,282
9151,309,285,282
9152,309,286,284
9153,309,285,288
9154,309,284,288
9155,309,284,286
9156,309,285,284
9157,309,286,282
9158,309,285,280
9159,309,285,284
9160,309,286,286
9161,309,285,288
9162,309,284,288
9163,309,284,284
9164,308,284,281
9165,309,284,280
9166,309,284,284
9167,309,284,284
9168,309,284,288
9169,309,286,288
9170,309,285,284
9171,309,282,282
9172,308,279,280
9173,309,280,282
9174,309,284,284
9175,309,288,285
9176,309,288,286
9177,309,286,288
9178,309,284,286
9179,308,280,281
9180,309,278,280
9181,309,279,282
9182,309,284,285
9183,309,289,288
9184,309,289,288
9185,309,285,285
9186,309,282,284
9187,309,282,280
9188,309,284,280
9189,309,284,284
9190,309,285,286
9191,310,286,288
9192,309,286,286
9193,309,286,285
9194,309,284,282
9195,309,284,282
9196,309,284,282
9197,309,284,285
9198,309,282,286
9199,309,282,286
9200,309,284,284
9201,308,286,284
9202,308,286,282
9203,309,284,282
9204,309,280,284
9205,309,284,286
9206,309,284,286
9207,309,284,284
9208,308,284,284
9209,308,285,284
9210,309,284,282
9211,309,284,282
9212,309,284,284
9213,308,282,286
9214,309,286,286
9215,309,286,284
9216,308,282,284
9217,308,281,282
9218,308,282,282
9219,309,284,284
9220,309,286,284
9221,309,285,285
9222,308,284,286
9223,309,285,285
9224,309,282,284
9225,309,280,282
9226,308,281,284
9227,308,284,284
9228,309,285,285
9229,308,284,286
9230,308,282,285
9231,309,280,284
9232,308,284,284
9233,309,284,282
9234,309,284,282
9235,309,284,286
9236,309,286,286
9237,308,288,286
9238,309,288,284
9239,308,286,282
9240,309,284,282
9241,309,284,284
9242,308,284,284
9243,309,281,286
9244,308,282,286
9245,309,286,286
9246,309,286,284
9247,309,284,282
9248,308,280,282
9249,308,280,284
9250,308,284,284
9251,311,286,286
9252,309,284,286
9253,308,282,286
9254,309,282,282
9255,308,284,280
9256,308,284,280
9257,308,284,284
9258,309,284,288
9259,309,284,290
9260,308,284,288
9261,308,280,282
9262,308,281,280
9263,308,284,280
9264,309,284,282
9265,308,285,285
9266,308,286,288
9267,308,285,288
9268,308,285,286
9269,308,284,282
9270,308,280,279
9271,308,280,282
9272,309,284,284
9273,309,286,286
9274,309,286,286
9275,308,286,286
9276,309,284,284
9277,308,284,282
9278,309,282,282
9279,308,280,280
9280,308,281,284
9281,308,284,285
9282,309,286,286
9283,308,284,286
9284,308,284,284
9285,309,284,284
9286,309,284,284
9287,308,282,284
9288,308,281,282
9289,308,282,284
9290,309,284,284
9291,308,285,284
9292,308,284,284
9293,309,284,284
9294,308,284,284
9295,309,284,285
9296,309,282,284
9297,309,280,282
9298,309,280,282
9299,309,285,282
9300,309,288,284
9301,309,286,286
9302,309,285,286
9303,309,282,284
9304,308,280,284
9305,309,281,282
9306,308,282,280
9307,309,284,284
9308,308,287,285
9309,309,286,286
9310,309,282,285
9311,310,282,284
9312,308,282,282
9313,308,284,282
9314,308,284,284
9315,309,284,284
9316,308,284,284
9317,309,284,284
9318,308,284,284
9319,309,282,284
9320,308,284,285
9321,309,284,284
9322,308,284,284
9323,308,284,284
9324,308,282,281
9325,308,284,282
9326,308,286,285
9327,309,287,286
9328,309,284,286
9329,308,282,284
9330,308,281,282
9331,309,282,282
9332,309,284,282
9333,308,284,284
9334,309,284,286
9335,309,286,286
9336,308,286,286
9337,309,284,286
9338,308,281,282
9339,308,282,280
9340,308,281,281
9341,309,282,284
9342,309,284,285
9343,308,286,287
9344,308,288,286
9345,308,286,285
9346,308,279,282
9347,309,277,282
9348,309,281,282
9349,309,286,284
9350,308,288,286
9351,308,287,286
9352,309,284,284
9353,308,282,284
9354,309,282,281
9355,308,280,282
9356,308,282,284
9357,309,284,286
9358,309,286,286
9359,308,284,284
9360,308,284,282
9361,308,281,282
9362,309,284,284
9363,309,284,284
9364,309,284,286
9365,308,284,286
9366,309,284,284
9367,308,284,282
9368,308,284,280
9369,308,284,281
9370,308,284,284
9371,310,286,287
9372,308,284,288
9373,308,284,286
9374,308,281,284
9375,308,282,282
9376,309,282,281
9377,308,284,282
9378,308,284,284
9379,308,285,286
9380,309,288,286
9381,308,286,285
9382,309,282,282
9383,309,279,284
9384,308,280,282
9385,309,284,282
9386,308,285,286
9387,308,288,286
9388,308,288,286
9389,309,288,282
9390,308,284,282
9391,309,280,280
9392,309,280,282
9393,309,284,286
9394,309,286,286
9395,308,286,286
9396,309,286,284
9397,308,284,282
9398,309,286,284
9399,308,286,284
9400,309,282,282
9401,308,282,284
9402,309,282,284
9403,308,284,282
9404,309,284,284
9405,308,286,284
9406,309,286,286
9407,309,286,287
9408,308,284,286
9409,308,280,284
9410,308,279,282
9411,308,284,281
9412,309,285,282
9413,309,286,286
9414,309,286,288
9415,308,285,288
9416,308,284,284
9417,309,282,282
9418,309,280,279
9419,309,280,281
9420,309,284,284
9421,309,286,286
9422,309,287,288
9423,309,285,286
9424,309,284,284
9425,308,282,282
9426,309,281,282
9427,308,280,281
9428,308,284,284
9429,309,287,285
9430,308,286,286
9431,310,284,284
9432,308,284,284
9433,308,284,284
9434,308,284,284
9435,309,284,284
9436,309,282,284
9437,308,282,286
9438,309,286,286
9439,308,286,284
9440,309,284,282
9441,309,284,281
9442,309,285,284
9443,309,284,286
9444,309,284,288
9445,309,282,287
9446,308,280,284
9447,308,282,281
9448,309,282,280
9449,309,284,282
9450,308,286,286
9451,308,289,288
9452,308,288,286
9453,308,284,286
9454,308,278,282
9455,308,276,280
9456,308,282,281
9457,309,286,284
9458,309,287,288
9459,308,288,290
9460,309,287,287
9461,309,284,284
9462,308,282,279
9463,309,279,278
9464,309,280,281
9465,308,285,285
9466,308,286,288
9467,309,286,290
9468,308,285,286
9469,309,284,282
9470,309,284,278
9471,308,282,280
9472,309,282,284
9473,309,282,288
9474,309,286,288
9475,309,284,286
9476,309,282,284
9477,308,281,282
9478,309,284,280
9479,308,286,282
9480,309,286,286
9481,309,286,288
9482,308,284,288
9483,309,282,284
9484,309,280,282
9485,308,280,280
9486,309,282,282
9487,309,288,284
9488,309,290,286
9489,309,288,286
9490,309,284,286
9491,310,280,282
9492,309,280,280
9493,309,282,280
9494,308,282,282
9495,309,285,286
9496,308,288,287
9497,308,288,286
9498,309,284,284
9499,308,282,284
9500,309,279,284
9501,309,282,284
9502,308,284,284
9503,309,284,284
9504,309,284,284
9505,309,287,284
9506,309,288,284
9507,309,286,284
9508,308,282,284
9509,308,279,284
9510,309,280,284
9511,309,284,284
9512,308,284,282
9513,309,288,284
9514,309,290,284
9515,308,286,284
9516,308,280,284
9517,309,279,284
9518,309,282,284
9519,308,286,284
9520,309,288,282
9521,309,286,282
9522,309,284,284
9523,308,285,285
9524,308,285,284
9525,309,284,284
9526,309,284,284
9527,309,284,284
9528,308,284,284
9529,309,284,284
9530,309,284,284
9531,309,284,284
9532,309,286,284
9533,309,286,284
9534,309,284,284
9535,308,284,284
9536,309,282,282
9537,309,284,284
9538,308,284,284
9539,309,284,284
9540,309,284,285
9541,309,285,284
9542,309,286,284
9543,309,284,284
9544,309,284,284
9545,309,285,283
9546,308,286,284
9547,309,286,285
9548,309,284,284
9549,309,284,284
9550,309,288,284
9551,310,288,284
9552,309,288,284
9553,308,286,284
9554,309,284,284
9555,309,284,284
9556,309,282,285
9557,308,282,282
9558,309,284,282
9559,309,288,284
9560,309,288,284
9561,309,286,286
9562,309,284,286
9563,309,284,284
9564,308,284,284
9565,308,282,284
9566,308,281,282
9567,308,282,284
9568,309,287,286
9569,309,290,286
9570,309,288,286
9571,309,286,284
9572,309,284,282
9573,309,282,282
9574,309,282,282
9575,309,284,284
9576,309,284,286
9577,309,288,286
9578,309,288,284
9579,308,284,284
9580,309,284,284
9581,309,284,284
9582,308,284,284
9583,309,285,284
9584,309,284,284
9585,309,284,284
9586,309,285,284
9587,308,286,284
9588,309,286,284
9589,308,286,286
9590,309,286,285
9591,309,284,284
9592,309,282,284
9593,308,282,284
9594,309,282,284
9595,308,287,284
9596,309,288,284
9597,308,286,284
9598,308,284,284
9599,308,284,284
9600,309,285,284
9601,308,285,284
9602,309,284,284
9603,308,284,284
9604,308,285,285
9605,308,285,284
9606,309,284,284
9607,309,284,284
9608,309,286,284
9609,309,286,284
9610,308,284,284
9611,310,284,284
9612,309,282,284
9613,308,286,284
9614,308,286,284
9615,308,284,286
9616,309,284,286
9617,309,285,284
9618,309,284,282
9619,308,284,282
9620,308,284,284
9621,308,284,284
9622,308,287,286
9623,309,287,286
9624,309,284,286
9625,308,282,284
9626,308,284,282
9627,309,285,281
9628,308,285,282
9629,309,286,286
9630,308,286,288
9631,309,286,288
9632,308,284,285
9633,309,282,282
9634,309,281,280
9635,308,284,281
9636,309,287,284
9637,309,287,289
9638,309,286,290
9639,309,284,288
9640,308,284,282
9641,309,282,279
9642,309,280,279
9643,308,282,284
9644,309,288,287
9645,309,290,289
9646,309,288,289
9647,308,284,284
9648,309,280,280
9649,308,280,278
9650,308,284,280
9651,309,284,284
9652,309,288,290
9653,309,290,290
9654,309,288,288
9655,309,282,281
9656,308,278,278
9657,308,279,279
9658,308,284,284
9659,309,289,288
9660,309,289,289
9661,309,288,289
9662,308,284,284
9663,309,282,279
9664,308,281,278
9665,309,282,281
9666,309,285,286
9667,308,288,290
9668,309,288,289
9669,308,286,284
9670,308,284,282
9671,310,284,280
9672,308,284,280
9673,309,282,284
9674,309,284,288
9675,309,286,288
9676,309,288,285
9677,309,288,282
9678,308,284,280
9679,309,282,282
9680,308,284,284
9681,309,284,288
9682,309,284,288
9683,309,285,286
9684,309,286,282
9685,309,286,280
9686,308,286,280
9687,308,284,282
9688,309,284,288
9689,309,286,290
9690,309,286,288
9691,309,284,284
9692,309,284,280
9693,309,284,280
9694,309,284,284
9695,309,285,286
9696,308,285,286
9697,309,284,286
9698,309,286,284
9699,309,286,280
9700,308,284,280
9701,308,282,284
9702,308,284,286
9703,309,284,288
9704,309,285,286
9705,308,285,284
9706,309,284,284
9707,309,286,284
9708,308,284,284
9709,309,284,284
9710,308,284,286
9711,309,284,286
9712,309,286,284
9713,309,285,284
9714,308,284,284
9715,309,282,284
9716,309,284,284
9717,308,285,286
9718,308,284,288
9719,308,284,286
9720,309,285,284
9721,308,285,282
9722,309,284,282
9723,309,284,282
9724,309,282,284
9725,309,286,286
9726,309,286,286
9727,309,284,284
9728,309,284,282
9729,309,285,282
9730,309,285,283
9731,310,284,284
9732,309,284,286
9733,309,284,286
9734,309,286,286
9735,309,286,284
9736,309,284,282
9737,309,284,281
9738,309,286,282
9739,309,286,284
9740,309,284,288
9741,309,284,288
9742,309,284,286
9743,309,286,282
9744,309,286,280
9745,309,284,280
9746,308,284,284
9747,309,286,285
9748,309,288,287
9749,309,286,288
9750,309,284,286
9751,309,282,282
9752,309,282,280
9753,309,284,280
9754,309,284,282
9755,309,287,286
9756,309,290,288
9757,309,288,287
9758,309,284,284
9759,309,280,280
9760,309,280,279
9761,309,285,281
9762,309,288,284
9763,309,287,288
9764,309,286,290
9765,309,286,286
9766,309,284,280
9767,309,282,279
9768,309,282,280
9769,309,284,282
9770,309,286,286
9771,308,288,290
9772,309,286,288
9773,309,284,286
9774,309,285,280
9775,309,285,278
9776,309,284,279
9777,309,282,284
9778,309,284,288
9779,309,288,289
9780,309,288,286
9781,309,285,282
9782,308,284,281
9783,309,284,280
9784,309,284,282
9785,309,282,284
9786,309,286,288
9787,309,288,288
9788,309,289,285
9789,309,287,281
9790,308,284,278
9791,310,280,282
9792,309,284,284
9793,309,286,286
9794,309,286,288
9795,309,286,286
9796,309,286,284
9797,309,285,280
9798,308,285,279
9799,309,284,282
9800,309,284,288
9801,309,286,290
9802,309,286,288
9803,309,284,284
9804,309,282,280
9805,308,284,278
9806,309,286,280
9807,309,289,285
9808,309,288,287
9809,309,285,289
9810,309,284,286
9811,309,282,282
9812,309,280,279
9813,308,282,279
9814,309,287,282
9815,309,290,286
9816,309,288,290
9817,309,286,288
9818,309,282,284
9819,309,284,280
9820,309,282,278
9821,309,282,280
9822,309,285,285
9823,309,288,288
9824,309,288,290
9825,309,286,286
9826,308,284,281
9827,309,281,278
9828,308,284,279
9829,309,284,282
9830,308,286,287
9831,308,286,290
9832,309,288,288
9833,309,286,284
9834,309,284,281
9835,309,280,278
9836,309,280,282
9837,308,287,286
9838,309,290,288
9839,309,288,288
9840,309,284,284
9841,309,284,280
9842,309,284,280
9843,309,284,282
9844,309,284,284
9845,309,285,286
9846,309,288,288
9847,309,286,286
9848,309,284,284
9849,309,284,281
9850,309,284,280
9851,310,286,282
9852,308,286,284
9853,309,285,287
9854,308,284,286
9855,309,286,284
9856,309,285,280
9857,309,284,280
9858,309,284,284
9859,309,284,285
9860,309,286,286
9861,309,286,287
9862,308,284,286
9863,309,282,282
9864,309,282,281
9865,309,282,280
9866,308,279,284
9867,309,280,286
9868,309,284,286
9869,309,284,284
9870,309,282,284
9871,309,280,282
9872,308,280,284
9873,309,284,285
9874,309,284,286
9875,308,282,286
9876,309,281,284
9877,309,282,282
9878,309,282,281
9879,309,282,284
9880,309,282,286
9881,309,285,287
9882,309,288,286
9883,308,286,284
9884,309,282,280
9885,309,280,280
9886,308,284,282
9887,309,286,286
9888,309,286,288
9889,309,286,288
9890,309,284,284
9891,309,282,282
9892,309,284,280
9893,309,282,279
9894,309,285,284
9895,309,288,286
9896,309,286,288
9897,309,282,287
9898,309,280,284
9899,309,280,280
9900,309,284,280
9901,309,286,281
9902,309,286,284
9903,309,288,288
9904,309,287,288
9905,309,284,284
9906,309,281,282
9907,308,280,280
9908,309,284,282
9909,309,286,284
9910,309,288,287
9911,310,285,286
9912,309,284,286
9913,308,284,284
9914,309,282,281
9915,309,282,282
9916,309,282,284
9917,309,284,286
9918,309,287,286
9919,309,287,286
9920,309,285,284
9921,309,282,284
9922,308,282,282
9923,309,282,282
9924,308,282,284
9925,309,286,286
9926,309,287,286
9927,309,286,286
9928,309,285,284
9929,309,280,282
9930,309,279,284
9931,309,284,284
9932,309,287,285
9933,309,285,285
9934,309,285,285
9935,309,284,284
9936,309,284,282
9937,309,284,284
9938,309,281,284
9939,309,280,286
9940,309,284,286
9941,309,286,285
9942,308,285,284
9943,309,284,283
9944,309,284,284
9945,309,284,284
9946,309,284,285
9947,309,282,284
9948,309,280,284
9949,309,284,284
9950,309,284,284
9951,309,284,284
9952,308,284,284
9953,309,286,286
9954,309,284,286
9955,309,284,284
9956,308,282,282
9957,309,280,284
9958,309,284,284
9959,309,284,284
9960,309,284,284
9961,309,284,286
9962,309,285,286
9963,309,284,284
9964,309,284,282
9965,309,282,282
9966,309,282,282
9967,309,284,284
9968,309,284,284
9969,309,284,286
9970,309,284,285
9971,310,285,284
9972,309,284,282
9973,309,282,284
9974,309,281,284
9975,309,282,285
9976,309,286,286
9977,309,286,284
9978,309,284,282
9979,309,282,282
9980,309,282,284
9981,308,284,284
9982,309,284,286
9983,309,284,286
9984,309,284,286
9985,309,284,284
9986,309,284,284
9987,309,281,282
9988,309,281,282
9989,309,284,284
9990,309,285,284
9991,309,284,286
9992,309,284,286
9993,309,282,284
9994,309,284,284
9995,309,284,284
9996,309,282,282
9997,309,284,284
9998,309,284,285
9999,309,284,284
10000,308,284,284
10001,309,284,282
10002,308,284,282
10003,309,286,284
10004,309,286,286
10005,309,284,286
10006,309,281,286
10007,309,282,284
10008,309,284,282
10009,309,284,282
10010,308,286,284
10011,309,286,286
10012,309,284,288
10013,309,282,286
10014,309,279,282
10015,309,280,281
10016,309,285,282
10017,309,288,284
10018,309,286,286
10019,309,284,287
10020,309,284,286
10021,309,282,284
10022,309,284,282
10023,308,281,283
10024,308,282,285
10025,309,286,287
10026,309,288,289
10027,309,286,287
10028,308,284,285
10029,308,284,283
10030,309,284,282
10031,311,284,285
10032,308,284,286
10033,308,284,290
10034,309,286,289
10035,309,286,287
10036,308,282,283
10037,309,282,283
10038,308,284,283
10039,309,287,285
10040,309,287,287
10041,309,284,286
10042,309,282,286
10043,309,282,284
10044,309,284,282
10045,309,284,282
10046,309,284,284
10047,309,284,286
10048,309,284,286
10049,309,284,284
10050,309,284,282
10051,309,282,282
10052,308,284,284
10053,309,284,284
10054,309,282,285
10055,309,282,285
10056,309,284,284
10057,308,285,284
10058,309,284,284
10059,309,284,284
10060,309,282,284
10061,309,284,284
10062,308,285,284
10063,309,284,284
10064,309,284,284
10065,309,285,284
10066,310,285,284
10067,309,284,284
10068,309,282,284
10069,308,280,284
10070,309,284,284
10071,308,284,284
10072,309,284,284
10073,309,284,284
10074,309,284,286
10075,309,284,286
10076,309,284,285
10077,309,282,282
10078,309,281,282
10079,309,284,282
10080,309,285,284
10081,309,284,285
10082,309,284,287
10083,309,284,286
10084,309,284,285
10085,309,282,284
10086,309,281,282
10087,309,280,282
10088,309,284,284
10089,309,286,284
10090,309,285,285
10091,310,284,286
10092,308,284,284
10093,309,282,282
10094,309,280,282
10095,309,281,284
10096,308,281,284
10097,309,284,286
10098,309,286,284
10099,309,284,284
10100,309,284,284
10101,308,284,284
10102,309,284,284
10103,309,282,284
10104,309,282,284
10105,309,284,284
10106,308,285,284
10107,309,286,284
10108,309,284,284
10109,308,284,284
10110,309,284,284
10111,310,284,282
10112,309,282,282
10113,308,284,284
10114,309,284,284
10115,309,286,284
10116,309,286,284
10117,309,282,284
10118,309,281,284
10119,309,282,284
10120,309,284,284
10121,308,284,284
10122,309,284,284
10123,309,284,284
10124,309,284,284
10125,308,284,284
10126,309,284,284
10127,309,284,285
10128,309,284,285
10129,309,284,284
10130,309,282,284
10131,309,282,284
10132,309,284,284
10133,309,284,284
10134,309,284,286
10135,309,284,284
10136,308,285,284
10137,309,286,282
10138,309,284,282
10139,309,281,282
10140,309,280,282
10141,309,282,284
10142,308,286,286
10143,308,286,286
10144,308,285,284
10145,309,284,284
10146,309,284,282
10147,308,282,282
10148,309,282,282
10149,309,284,284
10150,309,286,284
10151,310,286,286
10152,309,284,286
10153,309,281,285
10154,309,278,284
10155,308,282,282
10156,308,284,282
10157,309,286,284
10158,309,287,286
10159,308,286,286
10160,309,284,286
10161,309,281,284
10162,308,280,282
10163,309,278,281
10164,309,284,282
10165,309,288,284
10166,308,287,286
10167,308,286,288
10168,309,285,285
10169,309,282,284
10170,309,280,282
10171,309,280,280
10172,309,281,280
10173,309,286,284
10174,309,286,286
10175,309,284,288
10176,309,284,287
10177,309,284,284
10178,309,284,280
10179,309,282,280
10180,309,282,282
10181,309,282,284
10182,309,286,286
10183,309,286,286
10184,308,287,286
10185,309,287,284
10186,308,287,281
10187,309,287,281
10188,309,286,284
10189,309,286,286
10190,309,286,286
10191,309,290,286
10192,309,290,284
10193,309,287,284
10194,309,286,282
10195,309,287,282
10196,309,288,284
10197,309,288,286
10198,308,288,285
10199,309,287,284
10200,309,288,284
10201,309,285,282
10202,308,284,282
10203,309,284,284
10204,309,284,284
10205,309,284,284
10206,309,282,284
10207,308,282,282
10208,309,282,282
10209,309,286,282
10210,309,287,284
10211,310,284,284
10212,308,284,286
10213,308,284,284
10214,309,282,284
10215,309,282,284
10216,308,284,282
10217,309,282,282
10218,309,284,284
10219,309,285,286
10220,309,284,285
10221,309,282,284
10222,308,286,282
10223,309,284,282
10224,308,282,282
10225,309,280,284
10226,309,284,286
10227,309,285,288
10228,309,284,286
10229,309,282,282
10230,309,280,282
10231,310,281,282
10232,309,284,284
10233,309,284,284
10234,308,284,286
10235,309,284,286
10236,308,282,284
10237,309,280,282
10238,309,278,280
10239,309,281,282
10240,309,285,286
10241,309,286,286
10242,309,286,286
10243,309,282,284
10244,308,280,282
10245,308,280,281
10246,309,282,281
10247,309,284,282
10248,309,284,286
10249,309,286,288
10250,309,284,286
10251,309,279,284
10252,309,278,280
10253,309,282,280
10254,309,285,281
10255,309,286,284
10256,309,284,286
10257,309,280,288
10258,309,281,284
10259,308,280,282
10260,309,282,281
10261,309,282,282
10262,309,286,284
10263,309,284,286
10264,309,286,288
10265,309,284,286
10266,309,282,282
10267,309,282,280
10268,308,280,280
10269,309,278,282
10270,309,282,285
10271,310,286,288
10272,309,288,289
10273,309,286,286
10274,308,282,284
10275,308,276,280
10276,308,277,280
10277,309,279,281
10278,309,285,286
10279,309,288,288
10280,309,289,288
10281,308,284,285
10282,308,282,284
10283,309,278,280
10284,309,278,282
10285,308,284,284
10286,310,284,286
10287,309,284,288
10288,309,284,284
10289,309,284,282
10290,309,284,282
10291,309,282,284
10292,309,280,284
10293,309,280,284
10294,309,282,286
10295,309,282,287
10296,308,282,286
10297,309,284,284
10298,309,284,282
10299,309,284,282
10300,308,282,284
10301,308,280,284
10302,308,282,284
10303,309,284,285
10304,309,284,284
10305,309,281,284
10306,309,280,284
10307,309,281,284
10308,309,282,284
10309,309,282,284
10310,309,284,284
10311,309,284,284
10312,308,284,284
10313,309,282,284
10314,309,278,284
10315,308,278,284
10316,309,284,284
10317,309,285,284
10318,309,284,284
10319,308,282,284
10320,309,282,284
10321,309,282,284
10322,309,284,284
10323,309,280,284
10324,309,280,285
10325,310,282,284
10326,309,284,282
10327,309,284,282
10328,309,284,284
10329,309,284,285
10330,308,284,284
10331,311,282,284
10332,309,278,282
10333,309,279,284
10334,309,284,282
10335,309,286,284
10336,308,284,284
10337,309,282,286
10338,309,280,286
10339,308,280,284
10340,309,282,284
10341,309,282,282
10342,308,285,284
10343,309,286,284
10344,309,285,284
10345,309,284,285
10346,309,284,286
10347,309,284,286
10348,308,285,284
10349,309,284,284
10350,309,284,280
10351,308,284,282
10352,309,286,284
10353,309,286,286
10354,309,285,288
10355,309,284,288
10356,309,284,285
10357,309,284,282
10358,308,284,281
10359,308,282,282
10360,309,284,286
10361,309,287,286
10362,309,287,286
10363,309,282,285
10364,308,280,284
10365,308,280,282
10366,309,282,282
10367,308,284,282
10368,309,284,285
10369,309,284,287
10370,309,284,286
10371,308,282,284
10372,309,279,284
10373,309,280,282
10374,309,282,284
10375,309,284,284
10376,308,284,284
10377,309,284,284
10378,308,282,284
10379,309,284,284
10380,309,284,284
10381,308,280,284
10382,308,282,286
10383,308,281,286
10384,309,284,284
10385,309,284,284
10386,308,284,282
10387,310,282,284
10388,309,284,284
10389,309,284,284
10390,309,282,286
10391,311,282,286
10392,309,281,284
10393,309,280,284
10394,309,281,284
10395,308,282,284
10396,308,284,284
10397,309,286,286
10398,309,285,286
10399,309,280,284
10400,309,278,284
10401,309,279,284
10402,309,284,284
10403,309,282,284
10404,309,284,286
10405,309,284,286
10406,308,286,286
10407,309,284,284
10408,309,281,282
10409,308,278,282
10410,309,280,284
10411,308,282,284
10412,309,284,284
10413,309,284,284
10414,309,282,284
10415,309,284,284
10416,309,282,284
10417,308,280,284
10418,308,280,285
10419,309,282,284
10420,309,284,284
10421,309,282,283
10422,309,284,282
10423,309,284,284
10424,309,285,285
10425,309,284,286
10426,309,280,285
10427,308,278,284
10428,309,280,284
10429,309,284,284
10430,308,284,284
10431,309,284,284
10432,308,282,285
10433,309,282,286
10434,308,281,284
10435,309,280,284
10436,308,281,284
10437,309,284,284
10438,309,284,284
10439,309,282,284
10440,308,280,286
10441,309,280,286
10442,309,284,286
10443,309,284,284
10444,309,282,282
10445,308,282,282
10446,308,282,284
10447,309,284,284
10448,309,282,285
10449,308,284,284
10450,308,282,284
10451,310,284,284
10452,308,284,284
10453,309,282,282
10454,309,282,284
10455,309,282,284
10456,310,282,284
10457,308,280,284
10458,308,282,284
10459,308,284,284
10460,309,284,284
10461,309,284,284
10462,308,284,284
10463,309,279,284
10464,309,280,284
10465,310,281,284
10466,309,282,284
10467,309,284,284
10468,309,284,284
10469,309,284,284
10470,308,284,285
10471,308,279,284
10472,308,279,285
10473,308,282,284
10474,308,284,284
10475,309,284,284
10476,309,282,284
10477,309,282,284
10478,309,282,284
10479,309,284,284
10480,308,282,284
10481,309,280,284
10482,309,285,284
10483,309,284,284
10484,308,282,284
10485,309,282,282
10486,309,284,284
10487,308,284,285
10488,309,284,286
10489,309,281,285
10490,308,280,285
10491,309,284,284
10492,309,282,282
10493,309,280,282
10494,308,281,284
10495,309,284,286
10496,309,284,286
10497,308,284,284
10498,309,282,282
10499,309,278,282
10500,309,281,284
10501,309,282,284
10502,309,284,285
10503,309,284,286
10504,309,288,286
10505,309,288,285
10506,309,286,284
10507,309,284,282
10508,308,282,282
10509,309,288,284
10510,309,288,284
10511,310,288,285
10512,309,288,286
10513,308,288,286
10514,309,284,285
10515,308,282,284
10516,309,282,284
10517,309,284,284
10518,309,289,285
10519,309,290,285
10520,309,288,286
10521,308,284,285
10522,308,284,284
10523,309,281,282
10524,309,281,284
10525,309,281,284
10526,309,281,286
10527,309,285,286
10528,309,284,284
10529,309,284,284
10530,309,282,284
10531,309,284,284
10532,309,284,286
10533,309,282,285
10534,309,280,284
10535,309,279,284
10536,309,282,284
10537,309,284,284
10538,308,284,284
10539,309,284,285
10540,309,284,286
10541,309,284,284
10542,309,284,284
10543,309,279,282
10544,309,280,284
10545,309,284,286
10546,309,285,284
10547,309,284,284
10548,309,282,284
10549,308,282,284
10550,308,282,284
10551,308,282,284
10552,309,282,284
10553,309,282,284
10554,309,284,286
10555,309,284,286
10556,309,284,284
10557,309,282,282
10558,309,282,282
10559,309,282,282
10560,309,282,284
10561,309,284,285
10562,308,286,286
10563,309,284,286
10564,309,284,284
10565,309,281,282
10566,308,281,282
10567,309,282,284
10568,309,284,284
10569,309,282,286
10570,309,284,286
10571,310,286,284
10572,308,285,284
10573,309,284,284
10574,309,280,282
10575,309,280,284
10576,309,284,282
10577,310,284,284
10578,309,282,286
10579,309,284,286
10580,309,284,284
10581,309,286,284
10582,309,285,284
10583,309,281,282
10584,309,280,282
10585,309,284,284
10586,309,284,284
10587,308,282,286
10588,309,284,286
10589,309,284,284
10590,309,284,283
10591,309,284,282
10592,309,281,282
10593,309,281,284
10594,309,284,285
10595,309,285,286
10596,312,284,286
10597,309,282,284
10598,309,284,282
10599,309,284,280
10600,309,284,282
10601,309,281,282
10602,309,284,286
10603,309,286,286
10604,309,286,285
10605,309,284,284
10606,309,280,284
10607,309,280,284
10608,309,282,284
10609,310,284,284
10610,310,285,284
10611,309,284,284
10612,309,285,284
10613,310,284,282
10614,309,282,282
10615,309,281,284
10616,309,284,286
10617,309,284,286
10618,309,285,284
10619,308,284,284
10620,310,281,284
10621,308,282,284
10622,310,284,284
10623,309,284,284
10624,309,284,284
10625,309,286,284
10626,309,284,284
10627,309,282,284
10628,309,280,284
10629,309,279,284
10630,309,284,285
10631,309,285,284
10632,309,284,284
10633,309,282,284
10634,309,282,284
10635,309,281,284
10636,309,282,284
10637,309,284,284
10638,309,281,284
10639,309,284,284
10640,309,284,284
10641,310,282,282
10642,308,284,284
10643,309,286,284
10644,310,286,286
10645,309,284,286
10646,309,281,284
10647,308,280,282
10648,309,282,282
10649,308,286,282
10650,309,285,282
10651,310,284,286
10652,309,284,286
10653,309,284,286
10654,309,282,284
10655,308,282,282
10656,308,282,282
10657,310,286,284
10658,309,286,284
10659,308,284,286
10660,309,282,286
10661,309,284,284
10662,308,284,282
10663,309,284,281
10664,308,284,284
10665,308,284,285
10666,308,286,289
10667,308,286,289
10668,309,284,288
10669,310,282,285
10670,309,284,284
10671,309,284,281
10672,308,284,284
10673,308,285,285
10674,309,287,289
10675,308,288,289
10676,309,286,289
10677,309,280,284
10678,309,279,281
10679,309,284,281
10680,310,286,285
10681,309,287,285
10682,310,285,288
10683,309,284,286
10684,309,284,284
10685,309,284,282
10686,309,282,278
10687,309,282,280
10688,309,284,284
10689,309,285,286
10690,309,284,288
10691,309,284,288
10692,309,284,284
10693,309,284,282
10694,309,282,280
10695,308,282,280
10696,309,282,284
10697,309,288,286
10698,309,288,286
10699,309,285,286
10700,309,280,284
10701,309,279,282
10702,309,281,281
10703,308,284,282
10704,309,284,282
10705,309,285,286
10706,308,286,286
10707,309,285,284
10708,309,282,282
10709,309,282,281
10710,309,284,282
10711,309,284,284
10712,309,284,286
10713,310,282,286
10714,309,282,285
10715,309,286,284
10716,309,286,284
10717,308,284,284
10718,309,281,284
10719,309,281,284
10720,309,282,284
10721,309,284,282
10722,309,286,282
10723,309,284,284
10724,309,284,286
10725,309,282,286
10726,309,280,285
10727,309,281,284
10728,309,286,282
10729,311,287,282
10730,308,285,284
10731,309,280,284
10732,309,278,284
10733,309,282,284
10734,309,286,284
10735,309,286,286
10736,309,285,285
10737,309,284,284
10738,309,284,284
10739,309,282,284
10740,310,282,282
10741,309,281,284
10742,310,284,284
10743,309,284,284
10744,309,284,284
10745,309,285,284
10746,310,286,284
10747,309,285,284
10748,309,282,284
10749,309,280,284
10750,309,280,284
10751,309,284,284
10752,309,288,284
10753,309,286,284
10754,309,284,284
10755,308,284,284
10756,309,282,284
10757,308,280,284
10758,308,282,284
10759,308,284,284
10760,309,286,284
10761,308,286,285
10762,308,284,284
10763,309,281,284
10764,308,282,284
10765,308,284,284
10766,308,284,284
10767,308,284,282
10768,309,284,282
10769,308,284,284
10770,308,284,286
10771,308,282,286
10772,309,282,286
10773,309,284,284
10774,308,284,282
10775,309,282,282
10776,308,282,282
10777,308,284,284
10778,308,288,286
10779,308,288,287
10780,309,282,286
10781,309,280,284
10782,308,280,282
10783,309,282,281
10784,309,284,282
10785,309,286,285
10786,309,286,287
10787,309,286,288
10788,309,284,286
10789,310,280,284
10790,309,279,281
10791,309,280,280
10792,308,282,282
10793,309,284,286
10794,309,285,288
10795,309,288,288
10796,309,287,286
10797,309,285,284
10798,309,280,280
10799,308,278,282
10800,310,281,284
10801,309,284,286
10802,310,287,288
10803,309,286,288
10804,309,285,285
10805,309,282,284
10806,309,280,281
10807,308,279,280
10808,309,282,284
10809,308,287,288
10810,309,288,288
10811,309,284,287
10812,309,281,284
10813,309,280,280
10814,309,282,280
10815,309,284,282
10816,309,284,286
10817,309,284,288
10818,309,286,288
10819,309,284,284
10820,308,282,282
10821,309,281,282
10822,309,284,284
10823,309,284,286
10824,309,285,288
10825,309,284,286
10826,309,280,284
10827,309,284,282
10828,309,284,281
10829,309,284,284
10830,309,284,286
10831,309,284,288
10832,309,284,286
10833,309,284,286
10834,309,281,284
10835,309,280,284
10836,309,284,284
10837,309,285,284
10838,309,284,285
10839,309,284,286
10840,309,285,284
10841,309,286,284
10842,309,284,282
10843,309,280,284
10844,309,280,286
10845,309,284,288
10846,309,286,286
10847,308,286,284
10848,309,284,282
10849,310,282,282
10850,309,282,284
10851,309,282,286
10852,309,284,286
10853,309,282,285
10854,308,284,284
10855,308,284,282
10856,309,281,280
10857,309,284,284
10858,309,286,286
10859,309,286,288
10860,310,284,288
10861,309,280,284
10862,310,280,281
10863,308,284,280
10864,308,286,280
10865,309,286,284
10866,309,285,288
10867,309,284,290
10868,309,284,287
10869,308,280,284
10870,308,280,280
10871,309,280,280
10872,308,284,282
10873,309,286,287
10874,309,286,288
10875,309,285,288
10876,309,285,284
10877,309,284,281
10878,309,280,280
10879,309,280,282
10880,309,284,286
10881,309,287,289
10882,309,290,289
10883,309,286,284
10884,309,284,282
10885,309,282,280
10886,309,280,282
10887,308,279,284
10888,308,282,286
10889,309,284,288
10890,309,286,286
10891,309,286,282
10892,308,282,280
10893,309,281,281
10894,309,284,284
10895,309,284,286
10896,309,284,286
10897,309,282,286
10898,309,281,284
10899,308,284,282
10900,309,285,282
10901,309,285,282
10902,308,286,286
10903,309,285,287
10904,309,284,286
10905,309,280,284
10906,309,280,282
10907,309,282,282
10908,309,284,284
10909,310,284,285
10910,309,284,284
10911,309,284,286
10912,308,285,284
10913,309,285,282
10914,309,282,282
10915,309,281,284
10916,309,282,284
10917,308,284,284
10918,309,284,284
10919,309,284,284
10920,310,284,284
10921,309,285,284
10922,310,285,284
10923,309,281,284
10924,309,281,284
10925,309,284,284
10926,309,284,284
10927,308,284,284
10928,309,282,284
10929,309,282,284
10930,309,285,286
10931,309,285,284
10932,309,282,284
10933,309,281,284
10934,309,282,282
10935,309,284,284
10936,308,284,284
10937,309,284,284
10938,309,282,286
10939,308,284,286
10940,309,282,284
10941,309,280,282
10942,309,282,282
10943,309,284,284
10944,308,286,285
10945,309,284,286
10946,309,284,285
10947,309,280,284
10948,309,282,284
10949,309,284,282
10950,309,282,282
10951,309,282,284
10952,309,284,286
10953,309,284,286
10954,309,284,286
10955,309,282,284
10956,308,280,282
10957,308,284,282
10958,309,284,284
10959,309,284,285
10960,309,284,286
10961,309,284,285
10962,309,284,284
10963,309,282,282
10964,309,282,282
10965,309,282,284
10966,308,286,286
10967,309,288,286
10968,309,284,284
10969,310,282,284
10970,309,280,282
10971,309,280,281
10972,308,281,282
10973,308,284,284
10974,309,285,286
10975,309,286,286
10976,308,284,285
10977,309,281,284
10978,309,280,282
10979,309,281,282
10980,310,282,284
10981,309,284,284
10982,310,285,284
10983,309,285,284
10984,308,286,285
10985,309,286,285
10986,309,284,285
10987,308,282,285
10988,308,284,284
10989,309,284,284
10990,309,284,284
10991,308,285,284
10992,309,285,284
10993,309,286,284
10994,308,285,284
10995,309,282,284
10996,309,281,284
10997,308,284,284
10998,309,286,284
10999,309,285,284
11000,308,284,284
11001,308,284,284
11002,308,285,284
11003,308,284,284
11004,309,282,282
11005,309,282,284
11006,309,284,282
11007,308,284,284
11008,308,284,284
11009,308,282,286
11010,309,284,284
11011,309,284,284
11012,309,284,284
11013,308,282,282
11014,309,282,284
11015,308,284,284
11016,308,284,284
11017,308,284,284
11018,308,282,285
11019,309,284,284
11020,308,284,284
11021,309,284,284
11022,309,284,284
11023,308,282,284
11024,309,284,284
11025,309,284,284
11026,309,280,284
11027,308,280,284
11028,308,284,284
11029,310,285,284
11030,309,286,286
11031,308,284,284
11032,308,281,285
11033,309,282,282
11034,309,282,281
11035,309,281,282
11036,308,282,284
11037,309,284,286
11038,309,286,286
11039,308,286,284
11040,310,282,282
11041,308,278,284
11042,310,284,282
11043,309,284,281
11044,309,284,282
11045,309,284,284
11046,309,284,286
11047,309,284,288
11048,308,284,285
11049,309,282,282
11050,309,279,281
11051,309,281,281
11052,309,282,282
11053,308,284,284
11054,309,286,288
11055,309,286,288
11056,309,284,286
11057,308,280,282
11058,308,279,278
11059,309,279,280
11060,309,285,284
11061,309,287,286
11062,308,287,288
11063,309,284,288
11064,309,282,284
11065,309,280,282
11066,308,281,280
11067,309,282,280
11068,309,284,284
11069,309,286,288
11070,309,285,289
11071,309,282,285
11072,309,281,282
11073,309,282,280
11074,308,282,280
11075,309,282,282
11076,309,284,286
11077,310,284,288
11078,309,286,289
11079,309,284,286
11080,308,280,284
11081,308,279,280
11082,308,284,282
11083,309,284,284
11084,310,286,288
11085,308,285,288
11086,309,282,286
11087,309,282,284
11088,309,281,282
11089,310,280,282
11090,308,282,284
11091,309,285,286
11092,308,286,288
11093,309,284,288
11094,309,282,285
11095,309,280,282
11096,309,284,280
11097,308,284,282
11098,309,284,284
11099,309,284,286
11100,310,284,286
11101,309,284,286
11102,310,284,284
11103,309,280,282
11104,309,281,282
11105,309,284,284
11106,308,286,284
11107,309,284,286
11108,309,284,286
11109,309,284,285
11110,309,282,284
11111,309,280,282
11112,309,280,282
11113,309,282,284
11114,309,285,285
11115,309,286,286
11116,308,284,285
11117,309,282,284
11118,309,282,282
11119,309,282,282
11120,309,282,284
11121,309,282,285
11122,309,284,286
11123,309,285,286
11124,309,284,286
11125,309,281,282
11126,309,280,282
11127,309,284,282
11128,309,284,284
11129,309,284,284
11130,308,284,286
11131,309,282,286
11132,309,284,285
11133,308,284,284
11134,309,284,281
11135,308,284,284
11136,309,284,285
11137,309,284,286
11138,309,284,286
11139,309,284,284
11140,309,284,284
11141,308,284,284
11142,309,284,284
11143,309,284,282
11144,309,284,284
11145,308,288,284
11146,308,289,286
11147,309,288,286
11148,309,285,286
11149,310,283,284
11150,308,284,284
11151,309,284,282
11152,309,284,282
11153,309,288,284
11154,309,289,286
11155,309,288,286
11156,309,285,286
11157,309,284,284
11158,309,284,282
11159,308,285,282
11160,310,284,284
11161,309,284,284
11162,310,284,286
11163,309,284,287
11164,309,284,285
11165,309,281,284
11166,308,281,281
11167,309,284,282
11168,309,285,284
11169,309,285,288
11170,309,284,286
11171,308,280,286
11172,309,282,282
11173,309,280,281
11174,309,280,282
11175,309,282,284
11176,309,286,286
11177,309,286,288
11178,309,285,288
11179,309,281,284
11180,309,278,282
11181,309,281,280
11182,308,284,282
11183,309,282,284
11184,309,284,288
11185,309,286,287
11186,308,286,285
11187,309,284,282
11188,309,280,280
11189,309,279,282
11190,309,282,286
11191,309,284,287
11192,309,284,288
11193,309,284,286
11194,309,284,282
11195,309,284,280
11196,309,284,282
11197,309,281,285
11198,309,280,287
11199,309,284,288
11200,309,284,286
11201,309,284,284
11202,309,284,282
11203,308,284,282
11204,309,282,282
11205,309,281,286
11206,309,282,286
11207,310,284,286
11208,309,286,284
11209,310,284,282
11210,309,280,282
11211,309,280,284
11212,309,284,284
11213,309,284,286
11214,309,284,286
11215,309,282,284
11216,309,282,282
11217,308,284,281
11218,309,284,282
11219,309,282,284
11220,310,284,286
11221,309,285,284
11222,310,286,284
11223,309,281,282
11224,309,280,284
11225,309,281,284
11226,308,284,286
11227,309,284,286
11228,309,282,285
11229,309,281,284
11230,309,284,282
11231,309,284,282
11232,309,284,282
11233,309,282,286
11234,309,282,286
11235,309,284,286
11236,309,284,284
11237,308,282,282
11238,309,282,282
11239,309,284,284
11240,309,284,285
11241,309,284,286
11242,309,284,286
11243,309,282,286
11244,309,284,284
11245,309,284,282
11246,308,282,281
11247,309,281,284
11248,309,282,286
11249,309,284,286
11250,309,284,284
11251,309,284,284
11252,308,284,284
11253,309,284,284
11254,309,282,284
11255,309,279,282
11256,309,281,284
11257,309,284,284
11258,309,286,284
11259,308,284,285
11260,309,282,285
11261,309,280,285
11262,308,284,284
11263,309,282,284
11264,309,281,282
11265,309,281,284
11266,309,284,284
11267,309,286,284
11268,309,285,284
11269,310,284,285
11270,309,284,286
11271,309,282,284
11272,309,280,282
11273,309,278,281
11274,309,280,284
11275,309,285,284
11276,309,288,286
11277,309,286,286
11278,310,284,284
11279,309,279,284
11280,310,279,282
11281,309,280,284
11282,310,284,284
11283,309,282,286
11284,309,285,286
11285,309,284,284
11286,309,282,284
11287,309,281,282
11288,309,282,282
11289,309,284,284
11290,309,282,286
11291,310,280,286
11292,310,279,286
11293,309,284,284
11294,309,284,282
11295,309,284,282
11296,309,284,284
11297,308,284,286
11298,309,282,286
11299,309,280,286
11300,309,279,282
11301,308,279,281
11302,309,286,282
11303,309,288,284
11304,309,286,288
11305,309,285,288
11306,309,285,288
11307,309,284,284
11308,309,282,280
11309,308,280,278
11310,308,280,282
11311,309,286,288
11312,309,289,288
11313,309,288,288
11314,309,286,286
11315,309,282,284
11316,309,281,280
11317,308,281,280
11318,309,284,284
11319,309,285,288
11320,309,289,288
11321,308,287,286
11322,309,284,284
11323,308,279,280
11324,309,281,281
11325,308,284,284
11326,308,284,288
11327,309,284,288
11328,308,281,286
11329,310,284,282
11330,309,281,280
11331,310,280,279
11332,309,281,284
11333,309,285,287
11334,309,286,290
11335,308,284,288
11336,309,280,282
11337,309,277,279
11338,309,279,279
11339,309,284,282
11340,310,285,284
11341,309,285,290
11342,310,288,290
11343,309,285,286
11344,308,281,280
11345,309,279,278
11346,309,277,278
11347,309,281,284
11348,309,284,288
11349,309,286,289
11350,309,286,288
11351,309,284,284
11352,308,280,280
11353,308,278,279
11354,309,278,282
11355,309,280,286
11356,308,286,288
11357,309,286,288
11358,309,284,286
11359,308,282,282
11360,308,282,279
11361,309,282,280
11362,308,282,284
11363,309,281,287
11364,308,284,288
11365,308,285,286
11366,309,285,284
11367,308,282,280
11368,308,280,281
11369,308,284,282
11370,309,284,286
11371,308,282,286
11372,308,282,286
11373,309,281,284
11374,308,282,282
11375,309,284,282
11376,310,282,281
11377,308,284,284
11378,309,284,286
11379,308,284,286
11380,308,281,286
11381,308,280,285
11382,309,284,282
11383,308,284,281
11384,308,284,282
11385,309,282,284
11386,309,282,286
11387,308,286,286
11388,309,286,284
11389,310,284,284
11390,309,280,282
11391,308,280,282
11392,308,282,284
11393,309,284,286
11394,309,282,286
11395,309,282,285
11396,308,285,282
11397,308,284,281
11398,309,282,282
11399,308,282,285
11400,310,285,286
11401,309,284,286
11402,310,284,284
11403,308,280,282
11404,309,280,282
11405,309,284,282
11406,308,286,284
11407,309,284,286
11408,309,282,288
11409,309,282,286
11410,309,282,284
11411,309,282,281
11412,308,282,280
11413,308,281,284
11414,309,284,286
11415,309,284,288
11416,308,282,288
11417,309,281,285
11418,308,281,281
11419,308,282,279
11420,308,282,280
11421,309,282,284
11422,309,284,289
11423,309,285,290
11424,309,284,286
11425,308,280,284
11426,308,278,278
11427,308,280,279
11428,308,284,282
11429,309,286,288
11430,309,286,288
11431,308,284,288
11432,309,282,284
11433,309,280,280
11434,309,278,278
11435,308,280,282
11436,309,286,286
11437,308,288,289
11438,309,287,290
11439,308,282,285
11440,308,278,281
11441,308,280,278
11442,309,284,279
11443,308,284,282
11444,309,284,288
11445,308,285,290
11446,309,284,289
11447,309,282,284
11448,308,280,278
11449,310,282,278
11450,309,284,284
11451,309,284,286
11452,309,284,290
11453,309,282,288
11454,309,282,284
11455,308,281,282
11456,309,280,282
11457,308,281,282
11458,308,282,285
11459,309,286,288
11460,310,288,287
11461,308,284,286
11462,310,284,284
11463,308,280,282
11464,309,284,282
11465,309,284,284
11466,308,284,286
11467,309,284,286
11468,309,287,286
11469,309,287,284
11470,309,284,281
11471,309,282,282
11472,309,280,284
11473,309,282,286
11474,309,284,287
11475,309,286,286
11476,309,287,284
11477,309,287,284
11478,309,284,284
11479,309,280,282
11480,309,280,284
11481,309,284,285
11482,308,286,285
11483,309,284,284
11484,309,284,282
11485,309,284,284
11486,308,284,285
11487,308,284,286
11488,308,282,284
11489,308,281,284
11490,308,282,284
11491,309,282,284
11492,308,282,284
11493,308,284,284
11494,308,284,284
11495,309,286,286
11496,309,285,286
11497,308,282,284
11498,309,280,282
11499,309,280,282
11500,309,280,284
11501,309,282,284
11502,309,286,286
11503,309,286,286
11504,308,284,286
11505,309,281,284
11506,309,277,281
11507,308,278,282
11508,309,284,282
11509,310,288,284
11510,309,286,285
11511,309,284,286
11512,308,281,286
11513,309,281,284
11514,308,282,282
11515,309,282,282
11516,309,282,284
11517,308,284,286
11518,308,284,286
11519,309,282,285
11520,310,284,284
11521,309,284,282
11522,310,285,284
11523,308,282,285
11524,308,282,286
11525,309,282,286
11526,308,284,286
11527,308,284,284
11528,308,281,282
11529,309,281,281
11530,308,284,284
11531,309,285,286
11532,309,285,288
11533,308,284,286
11534,309,279,284
11535,308,280,280
11536,309,280,280
11537,308,282,284
11538,309,285,286
11539,309,288,288
11540,309,285,286
11541,309,281,284
11542,308,279,280
11543,308,277,279
11544,309,284,281
11545,309,286,286
11546,309,284,290
11547,309,284,290
11548,309,284,284
11549,309,282,280
11550,308,280,278
11551,308,281,280
11552,308,282,284
11553,309,286,288
11554,309,284,289
11555,309,280,286
11556,308,279,282
11557,309,280,278
11558,308,284,280
11559,309,285,284
11560,309,286,290
11561,309,284,290
11562,309,284,287
11563,309,279,280
11564,308,278,278
11565,308,281,278
11566,309,286,284
11567,309,288,288
11568,309,285,292
11569,310,284,288
11570,309,277,284
11571,309,279,278
11572,308,282,276
11573,308,284,282
11574,309,286,288
11575,309,287,290
11576,309,284,288
11577,309,280,285
11578,309,277,279
11579,309,277,278
11580,310,284,280
11581,309,286,284
11582,310,288,288
11583,309,284,289
11584,309,282,286
11585,309,280,282
11586,309,278,279
11587,309,278,281
11588,309,281,286
11589,309,286,288
11590,309,287,288
11591,309,284,284
11592,308,281,280
11593,308,280,278
11594,309,281,280
11595,308,282,282
11596,309,284,288
11597,309,284,290
11598,309,285,288
11599,309,284,282
11600,309,280,278
11601,309,278,280
11602,308,284,284
11603,309,284,288
11604,309,286,288
11605,309,285,286
11606,309,282,281
11607,309,281,279
11608,309,281,280
11609,309,280,284
11610,308,281,288
11611,308,284,290
11612,309,284,286
11613,308,284,282
11614,308,282,279
11615,309,281,280
11616,308,282,284
11617,309,284,286
11618,309,281,285
11619,309,282,285
11620,308,284,284
11621,309,284,282
11622,309,284,282
11623,309,284,284
11624,309,284,288
11625,309,286,289
11626,309,285,288
11627,308,282,284
11628,308,282,281
11629,310,284,284
11630,308,284,284
11631,308,285,286
11632,308,286,289
11633,309,286,288
11634,309,284,285
11635,308,282,284
11636,308,279,281
11637,309,280,284
11638,309,286,285
11639,308,289,288
11640,310,288,288
11641,309,286,286
11642,310,282,282
11643,308,281,281
11644,309,282,281
11645,309,284,282
11646,309,285,286
11647,309,290,288
11648,309,288,286
11649,309,285,285
11650,309,282,281
11651,309,280,280
11652,308,284,282
11653,309,284,285
11654,309,285,286
11655,309,286,286
11656,309,288,284
11657,309,288,282
11658,308,280,282
11659,309,282,283
11660,309,284,284
11661,309,286,286
11662,309,286,287
11663,308,285,284
11664,309,284,282
11665,308,284,281
11666,309,285,282
11667,308,284,284
11668,309,286,286
11669,309,288,286
11670,309,284,286
11671,309,284,284
11672,308,282,282
11673,309,280,282
11674,309,285,284
11675,309,285,286
11676,309,288,288
11677,309,288,286
11678,308,286,284
11679,309,284,280
11680,308,282,280
11681,309,282,282
11682,308,282,286
11683,309,288,288
11684,308,288,288
11685,309,286,286
11686,309,282,282
11687,308,284,280
11688,309,284,280
11689,310,286,284
11690,308,284,286
11691,309,284,288
11692,309,286,286
11693,309,284,284
11694,309,284,280
11695,309,284,282
11696,309,286,284
11697,309,288,286
11698,309,287,288
11699,309,284,286
11700,310,282,282
11701,309,284,280
11702,310,284,280
11703,309,284,282
11704,309,286,286
11705,309,288,288
11706,309,288,288
11707,309,284,284
11708,308,282,280
11709,309,282,280
11710,308,284,282
11711,308,287,284
11712,308,286,286
11713,309,287,288
11714,308,287,286
11715,309,285,282
11716,308,282,280
11717,309,281,280
11718,309,282,284
11719,308,287,287
11720,308,290,288
11721,309,288,286
11722,309,284,284
11723,309,282,280
11724,309,280,279
11725,309,284,282
11726,309,286,285
11727,309,290,288
11728,309,290,288
11729,308,286,286
11730,309,279,280
11731,308,278,280
11732,309,284,280
11733,309,288,284
11734,309,290,286
11735,309,290,288
11736,309,288,286
11737,309,284,284
11738,308,282,281
11739,308,280,280
11740,309,284,284
11741,309,288,287
11742,309,288,288
11743,309,287,286
11744,309,286,284
11745,309,284,282
11746,308,285,281
11747,308,286,282
11748,308,285,284
11749,310,284,288
11750,309,286,288
11751,308,285,284
11752,309,284,282
11753,308,284,282
11754,309,285,284
11755,308,288,286
11756,309,288,287
11757,309,284,284
11758,309,281,284
11759,309,284,282
11760,310,286,281
11761,309,286,284
11762,310,285,286
11763,308,286,288
11764,309,284,286
11765,308,284,284
11766,308,284,280
11767,309,284,282
11768,308,288,284
11769,308,286,286
11770,308,284,287
11771,308,284,286
11772,309,286,284
11773,308,288,282
11774,309,287,281
11775,309,285,281
11776,309,284,284
11777,309,286,286
11778,309,287,286
11779,309,284,286
11780,309,284,285
11781,309,286,284
11782,309,286,282
11783,308,287,282
11784,309,285,282
11785,309,284,284
11786,309,286,286
11787,308,287,286
11788,309,285,286
11789,309,285,284
11790,308,286,282
11791,309,286,282
11792,309,285,284
11793,309,284,285
11794,309,284,286
11795,309,288,286
11796,309,288,284
11797,309,285,284
11798,309,284,282
11799,309,284,282
11800,309,286,284
11801,309,285,284
11802,308,284,286
11803,309,284,288
11804,309,286,286
11805,308,286,282
11806,309,284,280
11807,309,284,280
11808,309,286,284
11809,310,288,286
11810,308,288,288
11811,308,287,286
11812,309,284,284
11813,309,284,282
11814,309,284,280
11815,309,284,280
11816,309,286,284
11817,309,290,287
11818,308,289,288
11819,309,286,288
11820,310,282,284
11821,309,280,280
11822,310,284,280
11823,308,286,284
11824,309,286,285
11825,309,288,288
11826,309,289,287
11827,308,286,284
11828,309,282,280
11829,309,281,280
11830,309,282,282
11831,309,287,286
11832,309,290,288
11833,308,288,286
11834,309,286,286
11835,309,284,284
11836,309,284,281
11837,309,282,281
11838,309,285,282
11839,309,287,285
11840,309,288,287
11841,309,286,286
11842,309,282,284
11843,308,281,282
11844,309,284,282
11845,309,286,282
11846,309,288,284
11847,309,288,286
11848,309,286,286
11849,309,286,284
11850,309,284,282
11851,309,282,279
11852,309,282,282
11853,309,286,284
11854,309,288,286
11855,309,288,288
11856,309,287,286
11857,309,286,284
11858,309,284,282
11859,309,284,282
11860,309,281,282
11861,309,284,284
11862,308,288,286
11863,309,290,286
11864,309,288,286
11865,309,286,284
11866,309,284,282
11867,309,282,280
11868,309,282,280
11869,310,284,284
11870,309,288,288
11871,309,292,289
11872,309,289,286
11873,309,284,284
11874,309,280,280
11875,309,282,280
11876,309,286,281
11877,309,288,286
11878,309,288,288
11879,309,286,289
11880,310,288,284
11881,310,286,282
11882,310,281,280
11883,309,281,282
11884,309,284,284
11885,309,286,286
11886,308,288,287
11887,308,287,285
11888,309,286,284
11889,309,286,282
11890,309,284,282
11891,309,282,282
11892,308,282,285
11893,309,284,286
11894,309,288,286
11895,309,288,284
11896,309,286,284
11897,308,284,284
11898,309,285,284
11899,309,285,284
11900,309,284,284
11901,309,284,286
11902,309,285,286
11903,309,288,284
11904,309,286,284
11905,309,284,284
11906,309,282,284
11907,309,285,284
11908,309,286,282
11909,309,286,282
11910,309,286,284
11911,309,286,286
11912,309,286,286
11913,309,284,286
11914,309,284,284
11915,308,284,284
11916,309,286,284
11917,309,286,282
11918,309,284,284
11919,309,284,286
11920,309,287,286
11921,309,287,286
11922,309,284,286
11923,309,282,282
11924,309,280,281
11925,309,284,282
11926,308,288,284
11927,308,288,286
11928,309,286,288
11929,310,286,286
11930,309,282,284
11931,309,280,280
11932,309,281,280
11933,309,284,283
11934,308,290,286
11935,308,290,288
11936,310,284,286
11937,309,282,284
11938,309,284,281
11939,309,284,280
11940,310,284,281
11941,309,284,284
11942,310,284,286
11943,309,286,288
11944,308,286,285
11945,309,284,283
11946,309,284,281
11947,309,284,280
11948,308,284,281
11949,308,282,283
11950,309,284,285
11951,308,286,285
11952,308,288,283
11953,309,288,281
11954,309,282,280
11955,309,280,283
11956,308,282,283
11957,309,286,283
11958,308,286,284
11959,308,286,283
11960,309,284,283
11961,309,284,284
11962,308,284,284
11963,309,284,284
11964,309,285,284
11965,309,287,284
11966,309,286,284
11967,309,284,284
11968,309,282,284
11969,309,284,284
11970,309,287,285
11971,309,288,285
11972,309,284,284
11973,309,278,284
11974,309,280,282
11975,309,282,282
11976,309,286,284
11977,309,282,286
11978,309,282,286
11979,308,286,284
11980,309,284,284
11981,309,278,281
11982,309,282,284
11983,309,282,285
11984,308,284,286
11985,309,280,286
11986,309,280,285
11987,309,280,284
11988,309,282,281
11989,310,284,281
11990,309,281,282
11991,309,280,286
11992,310,282,288
11993,309,282,286
11994,309,280,284
11995,308,281,282
11996,308,286,280
11997,308,286,282
11998,309,282,285
11999,308,280,286
12000,310,280,287
12001,309,282,286
12002,310,286,284
12003,309,280,282
12004,309,280,282
12005,308,280,284
12006,308,282,286
12007,309,282,287
12008,309,282,284
12009,309,284,284
12010,309,282,282
12011,309,285,282
12012,309,279,282
12013,309,279,286
12014,309,284,287
12015,309,286,287
12016,309,282,286
12017,309,280,284
12018,309,279,282
12019,309,286,282
12020,309,282,284
12021,310,280,284
12022,308,284,284
12023,309,282,284
12024,309,281,284
12025,308,280,286
12026,308,279,284
12027,309,279,284
12028,308,284,284
12029,308,284,284
12030,309,280,284
12031,308,280,286
12032,308,285,286
12033,309,282,284
12034,309,282,282
12035,308,280,282
12036,308,280,284
12037,310,284,284
12038,308,284,284
12039,309,281,285
12040,309,280,285
12041,309,280,284
12042,308,284,284
12043,308,282,284
12044,309,284,284
12045,308,282,284
12046,310,282,284
12047,308,280,284
12048,308,279,284
12049,310,281,284
12050,310,284,284
12051,309,284,284
12052,309,282,284
12053,309,280,284
12054,309,278,284
12055,309,280,284
12056,309,282,284
12057,308,280,282
12058,308,281,284
12059,309,284,284
12060,310,284,284
12061,308,281,284
12062,311,284,284
12063,309,280,284
12064,308,280,284
12065,309,281,284
12066,309,279,284
12067,308,280,284
12068,309,284,284
12069,309,284,284
12070,308,282,284
12071,308,281,284
12072,309,280,282
12073,309,280,282
12074,308,280,284
12075,309,279,284
12076,308,280,285
12077,309,284,285
12078,309,284,286
12079,308,282,286
12080,309,279,284
12081,309,278,282
12082,309,283,282
12083,309,282,282
12084,308,282,282
12085,309,284,285
12086,309,284,284
12087,309,282,284
12088,309,279,284
12089,308,278,284
12090,309,280,284
12091,309,282,286
12092,308,284,285
12093,308,284,282
12094,308,282,284
12095,308,284,282
12096,309,282,284
12097,309,279,284
12098,308,280,286
12099,308,281,286
12100,309,284,285
12101,309,284,284
12102,308,284,281
12103,309,284,282
12104,308,283,284
12105,309,283,286
12106,309,283,286
12107,308,284,284
12108,309,285,282
12109,310,284,280
12110,309,285,280
12111,309,281,282
12112,309,281,286
12113,309,284,288
12114,309,285,288
12115,309,285,286
12116,309,284,282
12117,308,283,280
12118,309,282,280
12119,309,284,284
12120,310,282,285
12121,309,286,288
12122,310,288,288
12123,308,284,284
12124,308,278,280
12125,308,277,279
12126,309,279,282
12127,308,284,286
12128,309,285,289
12129,308,284,288
12130,309,280,285
12131,309,279,282
12132,308,278,278
12133,308,278,279
12134,309,282,284
12135,308,284,289
12136,309,284,290
12137,309,281,287
12138,309,279,282
12139,308,276,279
12140,309,279,280
12141,308,282,282
12142,309,286,286
12143,309,285,288
12144,309,284,288
12145,309,280,284
12146,309,276,282
12147,308,276,278
12148,308,278,280
12149,309,285,284
12150,308,286,289
12151,309,284,290
12152,309,280,286
12153,308,279,280
12154,309,278,279
12155,308,278,281
12156,308,280,284
12157,308,282,288
12158,309,286,288
12159,308,284,286
12160,308,280,282
12161,309,278,280
12162,309,281,280
12163,309,280,284
12164,309,282,288
12165,308,284,288
12166,309,284,286
12167,308,284,284
12168,308,280,282
12169,310,279,280
12170,308,279,282
12171,308,284,284
12172,308,284,286
12173,308,284,286
12174,309,282,286
12175,309,280,284
12176,308,280,282
12177,308,280,282
12178,309,279,284
12179,308,280,286
12180,310,284,286
12181,308,284,285
12182,310,285,284
12183,309,280,284
12184,308,279,284
12185,308,280,284
12186,308,281,285
12187,308,280,284
12188,309,282,284
12189,308,285,284
12190,308,284,282
12191,308,280,284
12192,308,278,286
12193,309,278,286
12194,308,282,284
12195,309,284,284
12196,308,282,282
12197,309,281,284
12198,309,282,284
12199,309,282,284
12200,309,282,285
12201,309,281,286
12202,309,284,284
12203,308,280,284
12204,309,280,282
12205,309,279,281
12206,308,281,284
12207,309,284,285
12208,308,284,286
12209,309,282,286
12210,309,280,284
12211,308,280,282
12212,308,280,280
12213,309,280,282
12214,308,279,284
12215,309,280,287
12216,309,284,287
12217,309,284,285
12218,309,282,284
12219,309,279,284
12220,308,278,282
12221,309,280,282
12222,309,286,284
12223,308,284,284
12224,308,282,286
12225,309,284,286
12226,309,281,284
12227,309,279,284
12228,309,279,284
12229,310,284,284
12230,308,284,284
12231,309,282,286
12232,309,280,285
12233,308,279,284
12234,309,281,282
12235,309,281,282
12236,309,280,284
12237,309,282,285
12238,309,284,286
12239,309,284,286
12240,310,281,285
12241,309,277,284
12242,310,280,282
12243,308,282,282
12244,309,284,284
12245,308,284,286
12246,309,284,286
12247,309,282,286
12248,309,280,285
12249,309,278,284
12250,308,278,282
12251,308,278,282
12252,309,284,284
12253,308,286,286
12254,308,284,288
12255,309,282,287
12256,309,282,284
12257,309,280,282
12258,309,278,282
12259,308,278,282
12260,309,279,286
12261,309,284,288
12262,309,290,286
12263,308,287,286
12264,309,284,281
12265,309,281,280
12266,308,281,280
12267,309,281,280
12268,308,284,281
12269,309,285,283
12270,308,288,285
12271,309,287,282
12272,309,284,280
12273,309,281,280
12274,309,282,280
12275,309,284,281
12276,309,284,283
12277,309,285,283
12278,310,285,284
12279,308,286,281
12280,309,285,280
12281,308,282,281
12282,308,280,284
12283,309,280,284
12284,308,284,286
12285,309,284,286
12286,309,284,285
12287,309,281,284
12288,309,279,284
12289,309,278,284
12290,308,278,282
12291,310,284,284
12292,309,284,285
12293,309,284,285
12294,308,282,284
12295,309,280,284
12296,309,280,284
12297,309,282,285
12298,309,282,286
12299,308,280,284
12300,309,280,284
12301,309,282,284
12302,309,286,284
12303,308,282,284
12304,309,282,285
12305,309,281,285
12306,309,282,284
12307,308,280,284
12308,308,278,282
12309,309,280,284
12310,309,284,284
12311,309,286,285
12312,309,282,286
12313,309,280,286
12314,309,277,284
12315,309,278,282
12316,309,280,282
12317,309,282,282
12318,309,284,286
12319,309,285,286
12320,309,284,284
12321,309,279,284
12322,309,280,282
12323,309,278,284
12324,309,281,284
12325,309,288,285
12326,309,282,284
12327,308,287,286
12328,308,288,284
12329,309,287,282
12330,309,284,282
12331,309,284,284
12332,309,284,286
12333,309,288,286
12334,309,288,286
12335,309,286,282
12336,309,285,282
12337,309,288,282
12338,309,288,282
12339,309,281,284
12340,309,284,288
12341,309,286,288
12342,308,284,286
12343,309,285,282
12344,309,284,280
12345,309,279,282
12346,308,284,285
12347,309,290,286
12348,309,284,287
12349,309,281,286
12350,309,284,282
12351,310,280,280
12352,308,279,282
12353,309,285,284
12354,309,280,288
12355,309,290,288
12356,309,288,284
12357,309,285,282
12358,308,284,281
12359,309,279,282
12360,309,286,284
12361,308,286,286
12362,309,284,286
12363,309,285,286
12364,309,282,284
12365,308,286,282
12366,308,284,282
12367,309,284,284
12368,309,286,286
12369,309,288,286
12370,309,287,284
12371,309,285,282
12372,309,284,281
12373,309,287,284
12374,309,288,286
12375,309,287,286
12376,309,282,286
12377,309,282,284
12378,309,280,282
12379,308,284,280
12380,309,284,280
12381,308,286,284
12382,309,289,288
12383,309,290,288
12384,309,286,286
12385,309,278,284
12386,309,284,280
12387,308,285,280
12388,309,286,282
12389,309,288,286
12390,309,288,288
12391,309,284,288
12392,309,286,284
12393,309,284,280
12394,309,284,279
12395,309,286,280
12396,309,288,284
12397,309,286,288
12398,308,286,288
12399,309,286,284
12400,309,287,282
12401,309,287,280
12402,309,284,280
12403,308,284,284
12404,309,288,286
12405,309,288,288
12406,309,288,288
12407,308,286,284
12408,309,284,280
12409,309,285,278
12410,308,286,280
12411,310,285,282
12412,308,288,288
12413,309,290,288
12414,309,289,288
12415,309,284,284
12416,309,282,281
12417,309,282,278
12418,309,286,280
12419,309,289,284
12420,309,289,288
12421,309,288,289
12422,309,286,286
12423,309,286,280
12424,308,282,279
12425,309,282,280
12426,309,284,284
12427,308,286,287
12428,309,288,289
12429,309,286,286
12430,308,284,284
12431,308,286,280
12432,309,284,279
12433,310,282,282
12434,309,284,286
12435,308,286,288
12436,308,287,286
12437,309,286,285
12438,309,284,282
12439,308,282,281
12440,309,284,281
12441,309,284,284
12442,309,284,286
12443,309,288,288
12444,309,288,286
12445,309,287,282
12446,309,284,280
12447,308,282,279
12448,309,284,282
12449,309,289,286
12450,309,292,288
12451,309,288,288
12452,309,286,285
12453,309,284,281
12454,309,284,279
12455,308,284,280
12456,308,285,284
12457,309,286,288
12458,309,292,288
12459,309,290,284
12460,309,286,282
12461,309,282,282
12462,308,281,282
12463,309,284,284
12464,309,287,286
12465,309,288,286
12466,309,288,286
12467,309,288,284
12468,309,285,282
12469,309,282,282
12470,309,284,284
12471,310,288,285
12472,309,290,286
12473,308,288,286
12474,309,284,284
12475,309,282,284
12476,309,286,282
12477,308,288,284
12478,309,288,284
12479,308,287,286
12480,308,288,284
12481,309,286,284
12482,308,284,282
12483,308,285,282
12484,309,285,284
12485,308,288,286
12486,308,288,286
12487,308,286,284
12488,309,285,282
12489,308,287,282
12490,309,288,282
12491,308,288,284
12492,309,286,286
12493,309,284,288
12494,309,284,286
12495,308,286,282
12496,308,285,280
12497,309,287,282
12498,308,289,284
12499,309,288,286
12500,310,286,288
12501,308,284,288
12502,309,282,286
12503,309,286,284
12504,309,286,282
12505,309,285,281
12506,309,286,284
12507,309,289,286
12508,309,290,286
12509,309,286,286
12510,309,284,284
12511,308,284,282
12512,309,286,282
12513,309,288,284
12514,308,286,284
12515,309,287,287
12516,310,288,286
12517,309,287,284
12518,309,285,282
12519,309,284,281
12520,309,286,282
12521,309,288,285
12522,309,287,286
12523,309,288,286
12524,309,286,286
12525,309,285,284
12526,308,284,282
12527,309,284,282
12528,308,286,284
12529,309,288,286
12530,309,290,288
12531,310,288,285
12532,309,286,282
12533,309,284,280
12534,309,284,281
12535,309,285,284
12536,309,286,288
12537,309,286,289
12538,309,290,287
12539,309,290,284
12540,309,287,282
12541,309,282,280
12542,308,279,282
12543,309,286,286
12544,309,289,288
12545,309,288,288
12546,309,288,286
12547,309,286,282
12548,309,285,280
12549,309,284,282
12550,309,284,282
12551,309,284,286
12552,308,290,288
12553,309,290,286
12554,309,286,284
12555,309,284,282
12556,309,284,281
12557,309,286,284
12558,310,288,286
12559,309,288,287
12560,309,286,286
12561,308,286,284
12562,309,284,281
12563,309,284,282
12564,309,286,284
12565,309,289,286
12566,309,289,286
12567,309,286,286
12568,309,284,284
12569,309,282,282
12570,309,286,282
12571,309,288,282
12572,309,288,286
12573,309,288,288
12574,309,288,286
12575,309,286,284
12576,309,284,282
12577,309,284,281
12578,309,284,284
12579,309,288,286
12580,309,289,286
12581,308,286,286
12582,309,284,284
12583,309,284,282
12584,308,284,283
12585,309,284,283
12586,308,284,286
12587,309,284,287
12588,309,286,287
12589,309,286,287
12590,309,284,283
12591,310,284,281
12592,309,284,283
12593,308,285,286
12594,309,284,287
12595,308,285,287
12596,308,284,286
12597,309,285,286
12598,308,285,283
12599,309,284,283
12600,308,284,286
12601,308,285,285
12602,308,286,286
12603,309,288,286
12604,309,288,284
12605,309,286,282
12606,309,286,282
12607,309,284,282
12608,309,284,284
12609,309,286,286
12610,309,290,287
12611,309,289,286
12612,310,286,284
12613,309,284,282
12614,309,282,282
12615,309,285,284
12616,309,288,286
12617,309,288,286
12618,309,288,286
12619,309,287,282
12620,309,284,282
12621,309,284,282
12622,309,284,284
12623,309,288,286
12624,309,290,286
12625,309,288,286
12626,309,284,284
12627,308,284,284
12628,309,286,284
12629,309,288,284
12630,309,287,286
12631,309,286,286
12632,309,286,284
12633,309,287,284
12634,309,287,282
12635,309,285,282
12636,309,285,284
12637,309,287,286
12638,309,288,286
12639,309,286,286
12640,309,286,284
12641,309,286,282
12642,309,284,282
12643,310,286,284
12644,309,286,286
12645,308,286,286
12646,309,288,286
12647,309,288,284
12648,309,284,282
12649,309,284,282
12650,309,286,282
12651,311,288,284
12652,309,290,287
12653,309,287,286
12654,309,284,286
12655,308,285,284
12656,309,286,281
12657,309,285,282
12658,309,285,286
12659,309,287,288
12660,309,288,287
12661,309,288,285
12662,309,284,281
12663,309,284,280
12664,309,285,282
12665,309,286,284
12666,308,284,286
12667,309,286,288
12668,309,288,286
12669,309,288,284
12670,309,286,282
12671,309,284,282
12672,310,284,284
12673,309,286,286
12674,309,287,286
12675,309,285,284
12676,309,286,284
12677,308,287,282
12678,309,288,282
12679,309,288,284
12680,309,286,286
12681,309,286,286
12682,309,284,286
12683,309,286,284
12684,309,284,282
12685,309,284,282
12686,309,288,284
12687,309,290,286
12688,309,289,286
12689,309,287,285
12690,308,284,284
12691,308,285,282
12692,309,284,281
12693,309,285,284
12694,309,286,285
12695,309,288,286
12696,309,289,286
12697,309,287,286
12698,309,284,282
12699,309,282,280
12700,309,285,282
12701,308,288,284
12702,308,285,285
12703,309,286,288
12704,308,287,286
12705,309,286,284
12706,309,286,281
12707,309,285,281
12708,309,286,284
12709,308,288,285
12710,308,288,286
12711,310,285,286
12712,308,284,285
12713,309,286,284
12714,309,287,281
12715,309,287,281
12716,309,288,282
12717,309,288,285
12718,308,290,286
12719,309,288,286
12720,308,284,284
12721,308,282,283
12722,309,282,282
12723,308,288,282
12724,308,288,284
12725,309,288,286
12726,309,288,286
12727,309,290,284
12728,309,288,282
12729,309,284,280
12730,309,280,282
12731,309,284,284
12732,309,288,284
12733,309,290,285
12734,309,290,286
12735,309,288,286
12736,308,286,284
12737,309,286,282
12738,308,284,280
12739,308,284,282
12740,309,287,284
12741,308,289,284
12742,309,286,286
12743,309,284,286
12744,308,284,286
12745,309,284,284
12746,309,284,282
12747,308,282,280
12748,309,282,284
12749,308,288,286
12750,308,289,286
12751,309,288,286
12752,309,285,284
12753,309,284,284
12754,308,282,284
12755,309,284,284
12756,309,284,282
12757,308,285,285
12758,309,288,286
12759,309,288,286
12760,309,285,284
12761,309,284,282
12762,309,282,282
12763,309,286,284
12764,308,286,284
12765,308,286,284
12766,308,287,286
12767,308,290,286
12768,308,288,284
12769,309,285,284
12770,309,284,282
12771,310,285,284
12772,310,287,284
12773,309,289,286
12774,309,288,284
12775,309,287,284
12776,309,288,284
12777,308,286,284
12778,309,284,284
12779,308,284,284
12780,309,286,284
12781,309,288,284
12782,309,286,284
12783,309,288,284
12784,308,287,284
12785,309,287,285
12786,308,286,284
12787,309,284,285
12788,309,285,284
12789,309,287,284
12790,309,288,284
12791,308,288,284
12792,309,288,284
12793,309,286,284
12794,308,288,284
12795,309,287,284
12796,309,284,284
12797,308,284,282
12798,308,286,282
12799,309,288,284
12800,308,290,286
12801,309,290,286
12802,309,284,285
12803,308,286,284
12804,308,284,280
12805,308,282,281
12806,308,286,284
12807,309,290,286
12808,309,292,287
12809,309,289,288
12810,309,286,284
12811,308,282,282
12812,308,284,281
12813,309,286,282
12814,308,287,284
12815,309,288,288
12816,309,290,287
12817,309,288,284
12818,308,286,284
12819,308,284,280
12820,308,284,280
12821,309,286,284
12822,309,286,287
12823,309,288,288
12824,309,288,288
12825,308,288,284
12826,309,286,282
12827,308,284,280
12828,309,282,282
12829,308,286,285
12830,308,290,287
12831,310,292,286
12832,308,287,284
12833,308,285,282
12834,308,286,281
12835,309,286,282
12836,308,286,285
12837,308,286,288
12838,308,286,287
12839,309,288,285
12840,309,288,282
12841,308,286,280
12842,309,284,282
12843,308,288,284
12844,309,288,286
12845,309,286,288
12846,309,285,286
12847,308,286,285
12848,309,288,282
12849,309,289,282
12850,309,286,282
12851,309,284,285
12852,309,286,287
12853,308,288,286
12854,309,288,284
12855,309,287,282
12856,308,286,282
12857,309,286,284
12858,308,286,284
12859,309,285,284
12860,308,286,287
12861,309,288,286
12862,309,285,284
12863,308,286,282
12864,308,286,282
12865,308,288,284
12866,308,290,285
12867,309,289,286
12868,308,286,284
12869,309,284,285
12870,308,286,284
12871,308,286,282
12872,308,286,282
12873,308,288,284
12874,309,288,286
12875,308,288,286
12876,308,287,285
12877,309,285,282
12878,308,285,282
12879,309,288,282
12880,309,288,284
12881,310,286,286
12882,309,284,286
12883,309,287,286
12884,308,288,284
12885,309,288,284
12886,309,286,282
12887,309,286,284
12888,309,288,284
12889,309,288,285
12890,310,286,285
12891,310,286,284
12892,309,288,282
12893,309,288,282
12894,309,287,284
12895,308,286,284
12896,309,286,287
12897,309,289,288
12898,309,288,286
12899,308,285,284
12900,309,284,282
12901,309,286,282
12902,308,286,284
12903,309,287,286
12904,309,286,288
12905,309,284,286
12906,309,284,284
12907,309,282,282
12908,308,282,282
12909,308,286,285
12910,309,288,288
12911,309,288,288
12912,309,284,284
12913,309,282,282
12914,308,280,280
12915,308,284,282
12916,308,287,284
12917,308,287,288
12918,308,286,288
12919,309,285,286
12920,308,284,284
12921,308,282,281
12922,309,284,280
12923,309,287,284
12924,309,290,286
12925,309,288,288
12926,308,285,288
12927,309,284,284
12928,308,286,280
12929,309,286,280
12930,309,286,282
12931,309,286,284
12932,309,287,288
12933,308,290,288
12934,309,289,286
12935,309,285,282
12936,309,284,281
12937,309,285,281
12938,309,287,284
12939,309,287,286
12940,309,288,286
12941,309,288,286
12942,309,288,284
12943,309,288,282
12944,308,284,282
12945,309,284,284
12946,309,286,284
12947,309,288,284
12948,308,289,284
12949,309,289,284
12950,309,288,284
12951,310,288,284
12952,309,286,284
12953,309,284,284
12954,309,284,286
12955,309,288,284
12956,309,290,282
12957,309,288,282
12958,308,287,284
12959,309,287,286
12960,309,288,287
12961,309,288,286
12962,309,284,284
12963,308,282,282
12964,309,284,280
12965,309,286,282
12966,309,289,284
12967,309,290,286
12968,309,292,288
12969,309,288,288
12970,309,286,285
12971,308,282,280
12972,309,281,280
12973,309,286,282
12974,309,290,286
12975,309,290,288
12976,309,290,288
12977,309,289,286
12978,309,286,284
12979,309,285,280
12980,309,284,280
12981,309,285,284
12982,309,286,288
12983,308,290,288
12984,309,288,286
12985,308,286,282
12986,308,286,279
12987,308,286,280
12988,309,286,284
12989,309,285,286
12990,309,285,288
12991,308,289,288
12992,309,289,284
12993,309,286,280
12994,309,284,279
12995,308,285,282
12996,309,288,285
12997,308,289,288
12998,309,288,288
12999,309,286,286
13000,308,287,282
13001,308,286,279
13002,309,281,280
13003,309,284,284
13004,309,288,288
13005,309,292,290
13006,309,292,288
13007,309,288,282
13008,309,284,279
13009,309,284,278
13010,308,284,281
13011,310,286,285
13012,309,290,290
13013,309,292,290
13014,309,292,286
13015,309,286,282
13016,308,282,278
13017,309,281,279
13018,308,286,284
13019,308,290,286
13020,309,290,290
13021,309,288,288
13022,309,285,285
13023,309,286,280
13024,309,285,278
13025,309,284,280
13026,309,280,286
13027,309,284,290
13028,308,286,289
13029,309,284,286
13030,309,284,282
13031,309,282,279
13032,309,280,279
13033,309,280,284
13034,309,286,286
13035,308,284,289
13036,309,286,288
13037,309,285,284
13038,309,284,280
13039,308,278,280
13040,309,285,282
13041,309,284,286
13042,309,286,288
13043,309,284,288
13044,309,286,285
13045,308,282,282
13046,309,286,280
13047,308,281,280
13048,309,282,284
13049,309,288,286
13050,309,285,288
13051,309,284,286
13052,309,282,284
13053,309,281,282
13054,309,287,282
13055,309,284,282
13056,309,282,284
13057,309,286,286
13058,309,284,286
13059,309,284,285
13060,309,284,284
13061,309,282,282
13062,308,282,282
13063,308,279,284
13064,308,284,284
13065,308,284,283
13066,309,286,286
13067,309,288,286
13068,309,288,286
13069,308,284,284
13070,308,281,284
13071,310,279,282
13072,308,284,282
13073,309,288,284
13074,309,288,284
13075,309,288,286
13076,308,288,286
13077,309,284,284
13078,308,280,284
13079,309,281,280
13080,309,284,282
13081,309,286,284
13082,309,288,286
13083,309,284,286
13084,309,287,286
13085,309,286,284
13086,308,280,284
13087,308,278,284
13088,309,279,284
13089,309,284,284
13090,309,292,285
13091,309,292,286
13092,309,287,284
13093,308,280,284
13094,309,280,282
13095,309,281,282
13096,308,285,284
13097,309,284,287
13098,309,286,286
13099,308,286,284
13100,309,284,282
13101,309,280,281
13102,309,281,282
13103,309,285,285
13104,309,286,287
13105,309,284,288
13106,309,280,286
13107,308,279,282
13108,308,282,279
13109,309,284,280
13110,309,286,284
13111,309,286,290
13112,309,286,292
13113,308,282,288
13114,309,278,284
13115,308,277,278
13116,309,280,278
13117,309,284,281
13118,309,286,288
13119,308,286,290
13120,309,284,290
13121,309,284,286
13122,308,284,280
13123,308,278,278
13124,309,278,280
13125,309,284,286
13126,309,288,290
13127,309,288,290
13128,309,284,284
13129,309,280,282
13130,309,279,280
13131,310,284,281
13132,309,282,284
13133,309,285,288
13134,309,287,289
13135,309,286,287
13136,309,282,282
13137,308,279,280
13138,308,278,282
13139,308,284,286
13140,309,286,288
13141,309,285,288
13142,308,284,285
13143,309,282,282
13144,309,282,280
13145,309,282,281
13146,309,284,286
13147,309,284,290
13148,309,286,292
13149,309,284,286
13150,309,281,280
13151,309,280,278
13152,309,282,280
13153,309,286,284
13154,309,286,290
13155,309,286,292
13156,310,282,289
13157,309,280,281
13158,309,279,276
13159,308,280,276
13160,309,284,282
13161,309,288,290
13162,309,290,294
13163,309,285,292
13164,309,280,284
13165,309,277,276
13166,308,279,274
13167,308,284,279
13168,308,284,284
13169,309,287,292
13170,309,286,292
13171,309,284,288
13172,308,279,280
13173,309,278,276
13174,309,281,278
13175,308,284,285
13176,309,286,290
13177,308,285,290
13178,309,284,287
13179,308,284,280
13180,308,281,276
13181,309,279,278
13182,309,284,284
13183,309,284,290
13184,309,287,293
13185,309,286,290
13186,309,282,284
13187,308,278,277
13188,308,280,276
13189,309,282,279
13190,309,286,288
13191,310,290,292
13192,309,288,292
13193,309,284,284
13194,309,279,279
13195,309,276,276
13196,309,278,280
13197,309,286,286
13198,309,289,292
13199,309,286,292
13200,309,284,286
13201,308,282,278
13202,308,284,276
13203,309,282,279
13204,309,280,284
13205,309,280,290
13206,309,284,290
13207,309,286,286
13208,309,284,282
13209,309,284,280
13210,309,284,280
13211,309,284,282
13212,309,282,286
13213,309,281,288
13214,309,282,286
13215,309,285,284
13216,309,285,280
13217,309,284,280
13218,308,282,284
13219,309,284,287
13220,309,284,288
13221,309,284,286
13222,308,284,284
13223,308,282,282
13224,309,284,280
13225,308,284,282
13226,308,284,286
13227,308,285,290
13228,309,287,286
13229,309,285,282
13230,309,284,280
13231,308,282,280
13232,308,282,282
13233,309,286,286
13234,309,287,290
13235,309,284,290
13236,309,284,286
13237,308,284,282
13238,308,285,280
13239,308,286,282
13240,309,286,282
13241,309,284,286
13242,309,286,288
13243,309,282,286
13244,309,280,284
13245,309,281,281
13246,309,285,280
13247,309,286,284
13248,309,284,286
13249,309,282,288
13250,309,281,286
13251,310,284,284
13252,309,284,280
13253,309,282,281
13254,309,284,284
13255,309,284,286
13256,309,284,286
13257,309,282,286
13258,309,282,284
13259,309,282,282
13260,309,285,282
13261,309,285,282
13262,308,284,284
13263,309,282,286
13264,309,284,285
13265,309,284,284
13266,309,284,284
13267,310,284,282
13268,309,282,282
13269,309,284,284
13270,309,284,285
13271,309,280,286
13272,309,282,286
13273,309,286,284
13274,309,286,281
13275,309,284,282
13276,309,282,284
13277,309,281,285
13278,309,284,286
13279,309,284,285
13280,309,284,284
13281,309,282,284
13282,309,285,282
13283,309,286,284
13284,309,284,284
13285,309,284,284
13286,309,281,284
13287,309,282,284
13288,309,282,282
13289,308,282,282
13290,309,284,285
13291,309,287,284
13292,309,286,284
13293,308,282,284
13294,309,279,284
13295,309,278,284
13296,309,284,284
13297,309,286,284
13298,309,285,282
13299,309,284,284
13300,308,284,284
13301,309,282,284
13302,309,282,284
13303,309,284,284
13304,309,284,284
13305,309,285,284
13306,309,284,284
13307,309,282,284
13308,309,282,284
13309,308,284,284
13310,309,284,284
13311,310,284,284
13312,309,282,284
13313,308,284,284
13314,309,284,284
13315,309,285,284
13316,309,284,284
13317,309,282,284
13318,309,282,284
13319,309,284,284
13320,309,282,284
13321,309,284,284
13322,309,287,284
13323,309,285,285
13324,308,284,286
13325,309,281,284
13326,309,279,284
13327,309,282,282
13328,309,284,282
13329,309,284,284
13330,309,285,286
13331,309,284,287
13332,309,284,286
13333,309,282,285
13334,309,280,280
13335,309,280,280
13336,308,284,281
13337,309,284,284
13338,308,284,287
13339,309,284,288
13340,309,284,286
13341,309,284,284
13342,309,281,281
13343,308,278,280
13344,309,280,282
13345,308,286,286
13346,309,288,288
13347,309,285,288
13348,309,284,285
13349,308,280,281
13350,308,280,280
13351,309,281,280
13352,309,284,284
13353,309,284,288
13354,309,286,289
13355,309,284,288
13356,309,281,286
13357,309,280,280
13358,308,284,278
13359,308,285,280
13360,309,284,286
13361,308,284,288
13362,309,282,289
13363,309,282,286
13364,309,281,282
13365,309,280,280
13366,308,280,281
13367,309,284,284
13368,308,286,288
13369,309,286,288
13370,309,284,286
13371,311,282,284
13372,308,280,280
13373,308,279,280
13374,309,280,282
13375,309,284,286
13376,309,287,288
13377,309,290,286
13378,309,285,286
13379,309,282,284
13380,308,280,282
13381,308,284,281
13382,308,284,282
13383,309,282,286
13384,308,286,288
13385,309,286,286
13386,309,286,284
13387,308,286,282
13388,309,282,282
13389,309,282,284
13390,308,282,285
13391,309,286,286
13392,309,286,286
13393,309,286,286
13394,309,286,284
13395,309,286,282
13396,309,282,282
13397,309,282,282
13398,309,282,284
13399,308,286,286
13400,309,286,286
13401,309,285,284
13402,308,284,284
13403,308,282,284
13404,308,282,284
13405,309,284,284
13406,308,286,284
13407,309,286,284
13408,309,288,286
13409,308,286,286
13410,309,284,284
13411,309,282,284
13412,309,285,282
13413,308,286,282
13414,309,288,284
13415,309,288,286
13416,309,284,288
13417,309,288,286
13418,308,284,284
13419,308,280,280
13420,308,280,281
13421,308,284,282
13422,309,288,286
13423,309,287,288
13424,308,288,288
13425,309,286,286
13426,309,284,282
13427,308,280,280
13428,308,280,278
13429,309,284,284
13430,308,290,287
13431,310,290,288
13432,309,288,287
13433,308,282,284
13434,309,280,282
13435,308,282,281
13436,309,285,282
13437,309,285,284
13438,308,285,286
13439,309,288,286
13440,309,286,284
13441,309,285,282
13442,308,284,282
13443,308,284,284
13444,309,284,286
13445,309,286,287
13446,308,284,285
13447,308,282,284
13448,308,284,282
13449,309,286,282
13450,309,286,284
13451,309,288,284
13452,308,288,284
13453,309,288,284
13454,308,284,284
13455,308,284,282
13456,309,282,284
13457,308,286,286
13458,308,288,286
13459,309,286,286
13460,308,284,284
13461,308,284,281
13462,309,284,280
13463,309,286,284
13464,309,286,285
13465,309,285,288
13466,308,286,288
13467,308,284,284
13468,308,280,281
13469,309,281,280
13470,309,288,282
13471,309,290,286
13472,309,289,289
13473,308,285,288
13474,309,282,284
13475,309,284,280
13476,309,284,278
13477,308,284,280
13478,309,286,286
13479,309,289,290
13480,308,290,290
13481,309,288,288
13482,308,284,284
13483,309,280,278
13484,309,282,278
13485,308,284,280
13486,309,285,288
13487,309,288,292
13488,309,292,290
13489,309,290,284
13490,309,285,280
13491,310,279,277
13492,308,278,280
13493,308,284,284
13494,309,288,290
13495,309,289,292
13496,309,288,290
13497,309,286,282
13498,308,284,278
13499,308,280,278
13500,309,282,282
13501,309,286,287
13502,309,290,290
13503,308,290,290
13504,309,284,284
13505,309,282,282
13506,308,284,279
13507,308,284,280
13508,308,285,284
13509,309,286,288
13510,309,288,289
13511,308,288,288
13512,308,286,284
13513,308,282,280
13514,309,280,280
13515,309,284,282
13516,309,286,284
13517,308,288,288
13518,309,288,288
13519,308,288,286
13520,309,286,284
13521,308,284,282
13522,309,280,279
13523,308,282,282
13524,308,288,284
13525,309,289,287
13526,309,288,288
13527,309,286,286
13528,308,284,284
13529,308,284,282
13530,308,284,282
13531,308,284,281
13532,308,286,284
13533,309,290,285
13534,308,290,285
13535,309,284,285
13536,309,282,284
13537,309,282,284
13538,308,284,282
13539,309,288,282
13540,309,288,282
13541,309,288,285
13542,309,286,284
13543,309,286,284
13544,309,284,282
13545,308,282,282
13546,309,282,286
13547,308,284,284
13548,309,286,282
13549,308,284,280
13550,309,284,282
13551,310,284,285
13552,308,285,286
13553,308,285,286
13554,308,285,286
13555,309,284,284
13556,308,284,282
13557,309,282,282
13558,308,282,280
13559,309,284,282
13560,308,289,286
13561,308,289,286
13562,308,285,286
13563,309,281,284
13564,308,280,282
13565,309,284,281
13566,309,288,284
13567,309,288,284
13568,309,288,288
13569,309,289,287
13570,308,286,284
13571,309,281,279
13572,309,280,279
13573,309,284,282
13574,309,288,286
13575,309,288,288
13576,309,286,288
13577,309,284,284
13578,308,284,282
13579,308,285,279
13580,309,284,280
13581,309,285,286
13582,309,286,288
13583,309,288,288
13584,309,285,284
13585,308,284,280
13586,308,282,279
13587,309,286,282
13588,309,288,286
13589,309,286,290
13590,309,285,288
13591,309,284,284
13592,309,284,280
13593,309,284,278
13594,309,284,282
13595,309,284,286
13596,309,288,290
13597,309,288,288
13598,308,285,286
13599,308,284,281
13600,308,284,279
13601,308,284,280
13602,309,286,286
13603,309,288,288
13604,308,284,288
13605,308,286,284
13606,309,285,282
13607,309,284,279
13608,308,285,280
13609,309,288,284
13610,308,288,288
13611,310,286,289
13612,309,284,285
13613,308,282,282
13614,308,284,280
13615,309,285,280
13616,309,284,282
13617,309,288,286
13618,309,290,288
13619,309,288,288
13620,309,284,284
13621,309,281,282
13622,309,279,280
13623,308,285,282
13624,309,288,284
13625,309,288,288
13626,309,288,290
13627,309,288,286
13628,309,284,282
13629,309,281,280
13630,309,281,280
13631,309,284,282
13632,309,288,286
13633,309,290,288
13634,309,288,287
13635,309,285,286
13636,309,285,282
13637,309,284,281
13638,309,282,282
13639,309,282,283
13640,309,284,284
13641,309,288,286
13642,309,288,286
13643,308,288,284
13644,309,285,284
13645,309,285,282
13646,309,284,282
13647,309,282,284
13648,309,284,285
13649,309,285,286
13650,308,288,285
13651,309,289,284
13652,309,286,282
13653,309,284,283
13654,309,284,284
13655,309,285,284
13656,308,284,285
13657,309,284,285
13658,309,285,284
13659,308,286,284
13660,309,286,284
13661,308,284,282
13662,308,284,284
13663,308,288,284
13664,309,288,285
13665,309,285,286
13666,308,284,286
13667,309,284,284
13668,308,285,282
13669,308,288,281
13670,308,286,280
13671,310,284,284
13672,309,288,286
13673,309,288,286
13674,309,286,284
13675,309,284,282
13676,308,284,282
13677,308,284,284
13678,308,284,284
13679,308,284,285
13680,308,285,286
13681,309,288,284
13682,309,286,282
13683,309,284,282
13684,309,284,282
13685,309,284,284
13686,309,288,285
13687,309,286,286
13688,309,284,285
13689,309,280,284
13690,309,284,284
13691,308,288,282
13692,309,288,282
13693,308,288,284
13694,309,288,285
13695,309,284,286
13696,309,284,284
13697,308,282,282
13698,308,282,284
13699,309,288,284
13700,309,288,284
13701,309,288,284
13702,309,284,286
13703,309,287,284
13704,309,284,284
13705,309,284,282
13706,309,282,282
13707,309,282,284
13708,309,286,286
13709,309,287,285
13710,308,285,284
13711,309,284,284
13712,309,284,284
13713,309,284,284
13714,309,284,284
13715,309,284,284
13716,309,284,284
13717,309,285,284
13718,308,285,284
13719,309,284,284
13720,309,284,284
13721,309,286,285
13722,308,286,284
13723,309,284,284
13724,308,284,282
13725,308,282,282
13726,308,286,284
13727,309,288,284
13728,308,284,286
13729,309,282,286
13730,309,284,286
13731,310,285,283
13732,309,280,282
13733,308,279,282
13734,309,282,284
13735,309,284,286
13736,308,286,286
13737,309,284,286
13738,309,280,284
13739,308,281,282
13740,309,281,280
13741,309,284,282
13742,309,284,284
13743,309,285,286
13744,309,284,286
13745,309,284,284
13746,308,281,282
13747,309,284,284
13748,309,282,284
13749,308,284,285
13750,309,286,285
13751,309,282,284
13752,310,282,284
13753,309,282,282
13754,309,284,282
13755,309,285,282
13756,309,285,284
13757,309,288,285
13758,309,284,284
13759,309,280,284
13760,308,280,284
13761,308,282,284
13762,309,286,284
13763,308,284,284
13764,309,279,284
13765,309,279,284
13766,308,284,284
13767,309,285,284
13768,308,284,284
13769,309,281,285
13770,309,280,285
13771,309,284,284
13772,309,285,284
13773,309,285,282
13774,309,286,284
13775,308,284,285
13776,309,288,286
13777,309,280,285
13778,309,280,284
13779,309,282,284
13780,309,284,282
13781,309,284,282
13782,309,284,282
13783,308,280,286
13784,309,284,286
13785,309,284,286
13786,308,281,284
13787,309,284,284
13788,309,282,282
13789,309,284,284
13790,309,284,284
13791,310,284,284
13792,309,280,286
13793,308,282,285
13794,309,285,284
13795,308,281,282
13796,308,281,284
13797,309,282,284
13798,309,284,286
13799,309,284,286
13800,309,282,284
13801,309,280,284
13802,309,285,284
13803,309,282,284
13804,309,280,284
13805,309,280,286
13806,308,284,286
13807,309,284,284
13808,309,282,284
13809,309,281,284
13810,308,280,285
13811,309,284,286
13812,309,284,286
13813,309,280,286
13814,309,279,285
13815,309,280,284
13816,308,284,281
13817,308,284,280
13818,309,284,284
13819,309,282,286
13820,309,282,288
13821,309,282,288
13822,309,282,286
13823,308,279,282
13824,308,281,281
13825,309,282,281
13826,309,284,284
13827,309,284,286
13828,309,284,288
13829,309,284,287
13830,309,282,284
13831,308,278,280
13832,309,277,280
13833,308,280,282
13834,309,284,286
13835,309,286,288
13836,309,286,288
13837,309,284,286
13838,308,282,282
13839,309,279,280
13840,309,276,280
13841,308,280,284
13842,309,287,288
13843,309,286,288
13844,309,284,288
13845,309,281,284
13846,309,280,282
13847,309,284,281
13848,309,284,282
13849,309,280,286
13850,308,279,288
13851,310,284,286
13852,309,284,282
13853,309,284,282
13854,309,282,284
13855,309,282,286
13856,309,284,288
13857,309,284,286
13858,309,280,284
13859,309,278,284
13860,309,280,282
13861,309,284,282
13862,308,286,284
13863,308,286,287
13864,309,285,286
13865,308,284,286
13866,309,284,282
13867,309,282,282
13868,308,282,282
13869,309,286,286
13870,308,287,286
13871,309,286,283
13872,308,284,282
13873,309,284,282
13874,309,285,282
13875,309,286,282
13876,308,284,282
13877,309,282,286
13878,308,282,286
13879,308,284,283
13880,309,284,282
13881,309,286,284
13882,309,288,284
13883,309,284,285
13884,309,282,284
13885,308,279,282
13886,308,279,282
13887,308,282,284
13888,309,284,284
13889,309,282,286
13890,308,284,287
13891,309,284,286
13892,308,284,285
13893,308,282,282
13894,309,280,280
13895,309,279,281
13896,309,282,284
13897,309,284,286
13898,309,284,288
13899,309,284,286
13900,308,282,282
13901,309,280,281
13902,308,282,282
13903,308,282,284
13904,309,282,288
13905,309,285,288
13906,309,284,286
13907,309,280,284
13908,308,279,280
13909,308,282,280
13910,308,284,282
13911,310,284,288
13912,308,284,288
13913,308,280,288
13914,309,282,284
13915,309,282,281
13916,308,280,282
13917,309,280,284
13918,309,284,286
13919,309,284,288
13920,309,284,288
13921,309,282,284
13922,309,282,280
13923,308,282,280
13924,309,282,282
13925,309,281,286
13926,309,282,289
13927,309,284,288
13928,309,282,286
13929,309,280,282
13930,309,280,280
13931,308,284,282
13932,309,287,285
13933,308,286,287
13934,309,280,287
13935,309,277,284
13936,308,278,281
13937,309,282,280
13938,308,285,282
13939,309,285,286
13940,309,284,288
13941,309,282,288
13942,309,282,284
13943,308,278,282
13944,309,279,280
13945,309,284,281
13946,308,286,284
13947,309,286,288
13948,308,284,288
13949,309,279,288
13950,308,279,284
13951,308,279,280
13952,309,279,279
13953,308,280,284
13954,309,286,288
13955,309,287,290
13956,309,284,290
13957,308,280,284
13958,308,278,280
13959,308,279,278
13960,310,282,280
13961,309,281,284
13962,310,286,290
13963,309,286,292
13964,309,286,288
13965,309,282,282
13966,309,278,278
13967,309,277,278
13968,308,281,282
13969,309,285,284
13970,309,286,288
13971,308,286,290
13972,309,284,287
13973,308,279,282
13974,308,278,280
13975,308,279,280
13976,308,281,284
13977,308,285,288
13978,308,286,290
13979,309,284,286
13980,309,282,282
13981,309,282,280
13982,308,284,280
13983,308,279,284
13984,308,280,286
13985,308,282,288
13986,309,284,287
13987,309,285,284
13988,310,281,280
13989,309,280,281
13990,309,282,284
13991,309,284,286
13992,309,282,287
13993,309,282,286
13994,309,281,284
13995,308,281,281
13996,309,281,280
13997,309,280,280
13998,308,282,286
13999,309,286,288
14000,309,285,288
14001,309,280,286
14002,308,280,282
14003,308,279,280
14004,309,284,280
14005,309,285,284
14006,309,284,288
14007,309,282,290
14008,308,284,286
14009,310,282,281
14010,309,280,279
14011,309,279,282
14012,309,280,285
14013,308,284,286
14014,309,286,288
14015,309,284,285
14016,309,280,284
14017,309,282,282
14018,308,282,281
14019,308,281,282
14020,310,282,284
14021,309,282,286
14022,310,286,286
14023,309,288,285
14024,309,284,282
14025,308,283,284
14026,308,284,284
14027,309,284,284
14028,309,284,284
14029,309,284,286
14030,309,286,285
14031,308,286,284
14032,308,286,284
14033,308,284,282
14034,309,284,284
14035,308,286,286
14036,309,285,286
14037,308,282,284
14038,309,282,284
14039,308,284,282
14040,309,286,284
14041,309,286,285
14042,308,286,285
14043,309,282,285
14044,308,282,284
14045,309,281,282
14046,309,279,282
14047,309,280,284
14048,309,282,286
14049,309,284,286
14050,309,284,285
14051,309,282,284
14052,309,280,282
14053,309,284,282
14054,309,284,284
14055,309,282,285
14056,309,282,285
14057,309,282,284
14058,308,281,284
14059,309,280,284
14060,309,281,284
14061,309,282,284
14062,309,288,284
14063,309,284,284
14064,309,281,284
14065,309,280,284
14066,308,282,284
14067,309,282,284
14068,308,282,284
14069,310,282,284
14070,309,280,284
14071,308,284,285
14072,309,284,284
14073,309,282,284
14074,309,282,284
14075,309,282,284
14076,309,282,284
14077,308,281,285
14078,308,282,284
14079,308,282,284
14080,310,289,284
14081,308,287,284
14082,310,282,284
14083,309,284,284
14084,308,282,284
14085,309,289,284
14086,308,290,284
14087,308,288,284
14088,308,280,284
14089,308,286,284
14090,309,286,284
14091,309,286,284
14092,309,287,284
14093,308,289,284
14094,309,288,284
14095,309,287,285
14096,308,287,284
14097,309,286,284
14098,309,288,282
14099,309,284,284
14100,309,286,282
14101,308,281,284
14102,308,286,284
14103,309,290,285
14104,309,288,286
14105,309,282,284
14106,309,286,282
14107,309,286,282
14108,309,286,282
14109,309,286,282
14110,309,288,286
14111,309,292,286
14112,309,286,286
14113,309,287,284
14114,309,284,282
14115,309,278,282
14116,309,285,282
14117,309,284,284
14118,308,290,284
14119,308,292,287
14120,308,292,284
14121,309,287,282
14122,309,281,280
14123,308,284,280
14124,308,286,282
14125,309,290,286
14126,309,290,288
14127,309,288,286
14128,309,287,285
14129,310,287,280
14130,309,282,278
14131,309,285,279
14132,309,280,284
14133,309,287,286
14134,309,290,288
14135,308,292,286
14136,309,289,284
14137,308,286,282
14138,309,280,282
14139,309,285,282
14140,310,282,285
14141,309,288,287
14142,310,288,286
14143,308,290,284
14144,309,282,282
14145,308,284,280
14146,309,278,282
14147,308,289,284
14148,309,292,286
14149,309,289,288
14150,308,286,286
14151,308,286,284
14152,309,286,282
14153,308,287,282
14154,308,287,282
14155,309,288,286
14156,309,292,286
14157,309,289,285
14158,309,285,284
14159,308,284,282
14160,309,286,282
14161,308,288,284
14162,309,286,285
14163,309,287,286
14164,309,286,286
14165,309,288,285
14166,309,289,284
14167,309,286,284
14168,309,285,284
14169,308,286,284
14170,308,288,284
14171,309,290,284
14172,309,288,284
14173,309,286,284
14174,309,287,284
14175,308,286,284
14176,308,284,284
14177,309,285,286
14178,309,287,286
14179,308,289,285
14180,309,289,284
14181,308,288,282
14182,309,284,284
14183,309,284,285
14184,309,284,286
14185,309,282,286
14186,309,282,286
14187,308,285,284
14188,309,286,284
14189,310,286,285
14190,308,285,286
14191,308,284,290
14192,309,286,288
14193,309,284,286
14194,308,281,284
14195,308,280,284
14196,309,284,284
14197,309,286,286
14198,308,288,286
14199,308,288,288
14200,310,286,289
14201,309,286,286
14202,310,284,284
14203,309,284,282
14204,308,284,282
14205,308,287,284
14206,309,289,286
14207,308,290,287
14208,309,290,286
14209,309,288,284
14210,308,287,284
14211,308,286,282
14212,308,284,282
14213,309,284,285
14214,309,288,286
14215,309,292,286
14216,309,290,286
14217,309,286,284
14218,309,284,283
14219,309,285,284
14220,309,287,284
14221,308,287,284
14222,309,285,286
14223,309,289,286
14224,309,288,284
14225,308,286,282
14226,308,286,282
14227,309,286,284
14228,309,288,286
14229,309,290,286
14230,309,288,285
14231,308,287,284
14232,309,286,282
14233,309,286,282
14234,308,285,282
14235,309,287,284
14236,308,289,287
14237,309,292,288
14238,309,290,285
14239,309,286,281
14240,309,284,280
14241,309,286,284
14242,309,284,286
14243,309,288,288
14244,308,289,287
14245,308,289,284
14246,308,289,282
14247,308,287,281
14248,309,286,280
14249,310,285,284
14250,308,287,286
14251,309,287,288
14252,309,286,286
14253,309,286,284
14254,309,287,282
14255,309,289,282
14256,308,288,284
14257,309,286,284
14258,308,286,287
14259,309,288,287
14260,310,287,284
14261,308,285,282
14262,310,282,281
14263,309,287,282
14264,308,290,284
14265,309,290,288
14266,309,287,288
14267,308,285,286
14268,308,286,282
14269,309,286,278
14270,308,284,279
14271,309,286,284
14272,309,289,290
14273,310,292,290
14274,309,290,286
14275,308,286,282
14276,309,281,279
14277,308,284,279
14278,308,286,280
14279,309,289,287
14280,309,292,292
14281,309,292,292
14282,309,285,286
14283,309,285,281
14284,308,282,276
14285,309,282,279
14286,309,289,284
14287,309,292,290
14288,309,292,292
14289,309,288,290
14290,309,286,284
14291,309,284,278
14292,308,284,276
14293,309,284,280
14294,309,287,288
14295,309,292,292
14296,309,292,290
14297,308,287,284
14298,309,285,280
14299,309,285,278
14300,309,286,282
14301,309,286,286
14302,309,284,289
14303,309,286,288
14304,308,290,286
14305,309,289,280
14306,309,286,279
14307,308,284,282
14308,309,286,286
14309,310,287,288
14310,309,287,288
14311,309,286,285
14312,308,286,282
14313,309,288,280
14314,309,288,280
14315,309,286,284
14316,309,286,290
14317,309,289,290
14318,309,290,286
14319,308,288,282
14320,310,285,278
14321,309,284,280
14322,310,284,284
14323,309,290,288
14324,309,289,289
14325,309,288,288
14326,309,288,284
14327,309,286,280
14328,309,284,280
14329,308,284,282
14330,308,287,286
14331,309,292,288
14332,310,292,287
14333,309,287,282
14334,309,286,282
14335,308,286,280
14336,309,286,282
14337,309,286,284
14338,309,287,288
14339,309,288,288
14340,309,292,286
14341,309,290,284
14342,309,284,280
14343,309,280,282
14344,309,282,284
14345,309,282,284
14346,309,282,286
14347,309,284,286
14348,309,286,284
14349,309,286,284
14350,309,286,282
14351,309,282,282
14352,309,282,284
14353,309,284,285
14354,309,286,286
14355,309,284,286
14356,309,286,284
14357,308,286,284
14358,308,286,282
14359,309,284,284
14360,309,282,284
14361,308,284,286
14362,309,286,286
14363,309,290,286
14364,308,286,284
14365,309,285,282
14366,309,286,282
14367,309,287,282
14368,309,290,284
14369,310,288,286
14370,309,287,286
14371,308,288,286
14372,308,287,282
14373,309,286,282
14374,309,284,282
14375,309,286,284
14376,309,287,285
14377,309,289,286
14378,309,289,284
14379,309,287,284
14380,310,287,282
14381,309,286,282
14382,310,282,284
14383,309,285,285
14384,309,287,286
14385,309,289,284
14386,309,289,284
14387,308,287,282
14388,309,286,284
14389,309,287,284
14390,308,287,284
14391,309,286,285
14392,309,285,284
14393,308,286,284
14394,309,286,282
14395,308,288,282
14396,308,289,282
14397,309,287,284
14398,309,289,288
14399,309,287,288
14400,309,284,285
14401,308,284,282
14402,309,284,280
14403,308,288,280
14404,309,290,284
14405,309,290,287
14406,309,288,288
14407,309,289,288
14408,308,286,282
14409,309,284,280
14410,308,284,279
14411,309,287,282
14412,308,292,284
14413,309,293,288
14414,309,292,288
14415,309,286,286
14416,308,284,282
14417,308,284,279
14418,309,285,280
14419,309,287,284
14420,309,292,286
14421,309,292,288
14422,309,286,288
14423,309,286,284
14424,309,284,281
14425,308,287,280
14426,308,287,280
14427,309,286,282
14428,308,286,286
14429,310,288,287
14430,309,288,286
14431,308,288,284
14432,309,284,282
14433,309,284,282
14434,309,284,284
14435,308,287,284
14436,309,288,284
14437,308,288,285
14438,309,288,284
14439,309,288,282
14440,310,282,281
14441,309,284,282
14442,310,282,286
14443,309,288,286
14444,309,290,286
14445,308,288,284
14446,309,284,282
14447,309,284,282
14448,309,284,282
14449,309,284,284
14450,309,288,284
14451,308,290,285
14452,309,289,286
14453,309,288,284
14454,308,284,282
14455,309,282,282
14456,308,284,282
14457,309,288,284
14458,309,289,286
14459,308,288,286
14460,309,288,286
14461,309,288,284
14462,309,285,282
14463,309,284,280
14464,309,282,281
14465,308,284,284
14466,308,288,285
14467,309,288,286
14468,309,289,286
14469,309,288,286
14470,309,285,284
14471,308,282,282
14472,309,280,280
14473,309,284,282
14474,309,288,284
14475,309,290,287
14476,309,290,288
14477,309,285,284
14478,309,284,282
14479,308,284,280
14480,309,286,282
14481,309,284,284
14482,309,284,288
14483,309,288,288
14484,309,288,284
14485,309,284,282
14486,309,285,282
14487,309,287,282
14488,309,288,284
14489,310,288,286
14490,309,285,286
14491,309,284,286
14492,308,284,284
14493,309,284,282
14494,308,284,282
14495,309,288,285
14496,309,292,286
14497,309,290,286
14498,309,288,285
14499,308,284,284
14500,310,280,282
14501,309,286,282
14502,310,286,282
14503,308,286,286
14504,308,285,286
14505,309,284,288
14506,309,284,284
14507,308,284,282
14508,309,284,280
14509,308,284,284
14510,308,286,286
14511,308,285,286
14512,309,284,286
14513,309,284,284
14514,308,284,282
14515,309,286,280
14516,308,285,280
14517,308,284,282
14518,309,284,286
14519,309,287,288
14520,309,286,286
14521,309,282,284
14522,308,280,282
14523,309,284,282
14524,309,288,284
14525,308,290,284
14526,309,289,286
14527,309,285,288
14528,309,284,288
14529,309,282,284
14530,309,282,281
14531,309,284,282
14532,309,288,285
14533,309,289,287
14534,309,289,286
14535,309,288,285
14536,309,285,284
14537,309,285,284
14538,309,284,282
14539,309,282,282
14540,309,284,285
14541,309,289,288
14542,309,290,288
14543,309,289,288
14544,309,284,284
14545,309,281,282
14546,309,282,282
14547,308,286,282
14548,309,288,282
14549,310,288,286
14550,309,290,288
14551,309,288,288
14552,309,282,284
14553,309,282,282
14554,309,282,281
14555,309,288,284
14556,309,289,285
14557,309,288,286
14558,309,288,286
14559,308,288,284
14560,310,284,282
14561,309,284,282
14562,310,284,282
14563,309,284,284
14564,309,288,286
14565,309,288,288
14566,309,288,286
14567,309,288,284
14568,309,288,282
14569,309,284,282
14570,308,281,284
14571,309,282,285
14572,309,288,285
14573,308,290,285
14574,309,290,284
14575,309,286,284
14576,309,284,284
14577,309,284,282
14578,309,284,284
14579,309,284,286
14580,309,286,288
14581,309,288,287
14582,309,287,286
14583,309,288,284
14584,308,284,280
14585,309,284,282
14586,309,288,282
14587,308,288,284
14588,309,286,286
14589,309,286,287
14590,309,285,285
14591,310,288,284
14592,309,288,282
14593,309,285,284
14594,309,286,286
14595,309,288,286
14596,309,288,286
14597,309,285,284
14598,308,284,282
14599,308,284,280
14600,310,286,282
14601,309,288,286
14602,309,285,287
14603,309,286,288
14604,309,288,286
14605,309,286,282
14606,309,284,280
14607,308,284,280
14608,309,288,284
14609,310,288,286
14610,308,288,288
14611,308,284,286
14612,309,282,284
14613,308,286,282
14614,309,288,278
14615,309,284,280
14616,309,285,284
14617,309,288,288
14618,309,289,290
14619,309,288,288
14620,310,282,284
14621,309,280,281
14622,310,282,280
14623,309,284,280
14624,309,288,284
14625,309,288,288
14626,308,290,290
14627,309,288,286
14628,309,286,284
14629,309,281,280
14630,308,280,282
14631,309,284,284
14632,308,288,286
14633,309,288,288
14634,309,288,286
14635,309,288,284
14636,309,288,284
14637,309,285,282
14638,309,284,282
14639,309,283,284
14640,309,284,285
14641,309,284,284
14642,309,284,284
14643,309,288,284
14644,309,289,285
14645,309,288,286
14646,309,286,285
14647,309,282,282
14648,309,281,282
14649,309,284,284
14650,309,288,284
14651,309,288,284
14652,309,288,285
14653,309,288,285
14654,309,286,284
14655,309,284,284
14656,309,284,282
14657,309,284,284
14658,309,288,284
14659,309,288,285
14660,309,285,285
14661,309,286,284
14662,308,286,284
14663,309,288,284
14664,309,282,284
14665,309,279,284
14666,309,279,284
14667,308,284,285
14668,309,286,286
14669,310,285,284
14670,309,285,284
14671,309,286,284
14672,309,284,284
14673,309,283,284
14674,309,282,284
14675,308,282,284
14676,309,286,284
14677,309,286,284
14678,309,284,284
14679,308,284,285
14680,310,288,285
14681,309,286,285
14682,310,284,284
14683,309,284,282
14684,308,282,282
14685,309,284,284
14686,309,288,284
14687,309,288,284
14688,308,288,286
14689,309,288,284
14690,309,286,284
14691,309,282,284
14692,309,282,284
14693,308,284,286
14694,309,288,286
14695,309,289,286
14696,309,286,282
14697,309,284,282
14698,309,286,282
14699,309,288,284
14700,309,285,284
14701,309,286,286
14702,309,284,286
14703,309,288,286
14704,308,285,284
14705,309,284,282
14706,308,284,282
14707,309,288,282
14708,309,289,284
14709,309,288,288
14710,309,284,288
14711,309,284,284
14712,309,284,280
14713,309,284,280
14714,309,284,281
14715,309,286,286
14716,309,290,290
14717,309,289,288
14718,309,285,286
14719,309,281,280
14720,309,280,278
14721,309,282,279
14722,309,286,284
14723,309,288,286
14724,309,290,290
14725,309,290,287
14726,309,288,284
14727,309,282,280
14728,309,278,280
14729,310,280,282
14730,309,288,285
14731,309,290,286
14732,309,292,286
14733,309,290,286
14734,309,288,284
14735,309,284,280
14736,309,278,281
14737,309,280,284
14738,309,284,287
14739,309,290,288
14740,310,290,286
14741,309,289,284
14742,310,282,282
14743,309,284,282
14744,309,284,282
14745,308,284,286
14746,309,284,288
14747,309,286,287
14748,309,286,282
14749,309,286,280
14750,308,288,280
14751,309,288,284
14752,309,288,288
14753,308,288,288
14754,309,282,286
14755,309,281,282
14756,308,284,280
14757,309,288,280
14758,309,288,284
14759,309,288,286
14760,309,285,287
14761,309,288,286
14762,309,284,284
14763,309,282,282
14764,309,284,282
14765,309,288,282
14766,309,288,284
14767,309,288,284
14768,309,285,285
14769,309,284,285
14770,308,288,284
14771,309,288,284
14772,309,285,284
14773,309,284,284
14774,308,286,284
14775,309,288,284
14776,309,285,284
14777,309,284,284
14778,309,285,284
14779,309,288,286
14780,309,284,286
14781,309,281,284
14782,309,282,282
14783,309,285,280
14784,309,284,281
14785,308,284,284
14786,309,284,286
14787,309,284,288
14788,308,285,288
14789,310,282,284
14790,309,282,280
14791,309,285,279
14792,308,284,281
14793,309,284,284
14794,309,285,288
14795,309,284,288
14796,309,284,286
14797,309,284,282
14798,308,282,280
14799,309,281,280
14800,310,282,284
14801,309,286,286
14802,310,287,288
14803,309,284,287
14804,308,281,284
14805,309,279,280
14806,308,282,280
14807,309,284,284
14808,309,285,285
14809,309,286,288
14810,309,286,286
14811,308,284,284
14812,309,279,282
14813,309,279,281
14814,309,284,282
14815,309,287,286
14816,309,288,288
14817,309,284,285
14818,308,282,282
14819,309,282,279
14820,309,282,281
14821,308,281,284
14822,308,284,288
14823,309,285,289
14824,309,286,289
14825,309,286,285
14826,309,284,279
14827,308,284,281
14828,309,286,284
14829,309,286,285
14830,309,284,289
14831,308,282,288
14832,309,284,285
14833,309,286,281
14834,309,286,281
14835,309,284,282
14836,309,282,288
14837,309,285,288
14838,309,286,289
14839,309,286,288
14840,308,284,285
14841,308,284,280
14842,308,282,279
14843,308,284,284
14844,309,280,284
14845,309,284,289
14846,309,287,288
14847,309,286,284
14848,309,281,280
14849,310,278,280
14850,309,281,282
14851,309,285,286
14852,309,286,288
14853,309,284,287
14854,309,284,286
14855,308,284,282
14856,309,284,280
14857,309,282,280
14858,309,284,284
14859,309,286,288
14860,311,284,288
14861,309,284,287
14862,310,282,284
14863,309,279,282
14864,309,284,281
14865,309,284,281
14866,309,284,284
14867,309,284,288
14868,309,285,288
14869,309,284,284
14870,309,282,282
14871,308,280,280
14872,308,279,282
14873,308,284,286
14874,309,286,288
14875,308,285,288
14876,309,284,286
14877,309,284,282
14878,309,282,280
14879,309,280,280
14880,308,281,282
14881,309,284,286
14882,309,288,288
14883,309,286,287
14884,308,284,285
14885,309,280,284
14886,309,282,282
14887,308,284,282
14888,309,284,284
14889,309,284,286
14890,309,284,286
14891,309,286,285
14892,308,286,282
14893,308,282,281
14894,308,279,282
14895,309,282,284
14896,309,284,286
14897,308,286,286
14898,308,286,286
14899,308,284,284
14900,309,284,282
14901,309,284,282
14902,308,282,284
14903,309,281,286
14904,309,284,286
14905,308,285,284
14906,309,284,284
14907,308,284,282
14908,308,282,284
14909,310,284,284
14910,309,286,286
14911,309,284,285
14912,309,282,285
14913,308,282,284
14914,309,284,282
14915,309,284,282
14916,309,284,284
14917,309,284,285
14918,309,286,286
14919,309,286,286
14920,310,282,282
14921,309,281,284
14922,310,284,282
14923,309,284,284
14924,309,284,284
14925,308,286,284
14926,309,286,286
14927,309,284,286
14928,309,284,284
14929,309,280,282
14930,309,281,282
14931,309,284,284
14932,308,285,286
14933,308,284,286
14934,309,284,285
14935,309,285,284
14936,309,286,282
14937,309,284,284
14938,309,282,284
14939,309,281,286
14940,309,284,286
14941,309,285,284
14942,309,284,284
14943,308,284,282
14944,309,285,282
14945,309,286,284
14946,309,286,286
14947,309,284,286
14948,309,279,286
14949,309,281,284
14950,309,284,281
14951,308,284,282
14952,309,286,284
14953,308,286,286
14954,309,285,286
14955,308,284,286
14956,308,282,284
14957,309,280,282
14958,309,284,282
14959,308,284,284
14960,309,284,284
14961,309,285,288
14962,309,286,286
14963,309,284,284
14964,309,284,282
14965,309,281,280
14966,309,281,282
14967,309,284,286
14968,309,285,286
14969,310,284,286
14970,309,284,285
14971,309,284,284
14972,309,284,282
14973,309,284,284
14974,309,284,284
14975,309,282,286
14976,309,284,286
14977,309,284,286
14978,309,284,284
14979,308,284,282
14980,310,284,282
14981,309,284,284
14982,310,284,286
14983,309,284,285
14984,309,284,284
14985,309,286,284
14986,308,286,282
14987,309,284,284
14988,308,282,286
14989,309,284,286
14990,309,284,286
14991,309,284,286
14992,308,284,282
14993,309,284,282
14994,309,286,282
14995,308,286,284
14996,309,284,286
14997,309,284,288
14998,309,284,286
14999,309,282,284
15000,309,284,282
15001,308,284,282
15002,309,286,285
15003,309,287,286
15004,309,286,286
15005,309,282,284
15006,309,280,284
15007,309,279,284
15008,309,282,284
15009,309,284,284
15010,309,286,284
15011,309,286,286
15012,309,284,287
15013,308,284,286
15014,309,280,282
15015,309,281,282
15016,309,284,284
15017,309,284,285
15018,309,284,286
15019,309,284,286
15020,309,284,284
15021,309,284,284
15022,308,286,282
15023,308,284,282
15024,309,284,285
15025,309,284,286
15026,309,284,286
15027,309,284,284
15028,309,284,282
15029,310,282,282
15030,308,284,284
15031,309,285,286
15032,309,284,285
15033,308,282,285
15034,309,284,284
15035,309,284,282
15036,309,284,284
15037,309,284,284
15038,309,284,286
15039,309,284,287
15040,310,282,286
15041,309,284,284
15042,310,284,284
15043,309,284,282
15044,309,284,284
15045,309,282,284
15046,309,284,286
15047,309,284,286
15048,308,286,284
15049,309,284,284
15050,308,281,282
15051,309,280,284
15052,309,284,284
15053,309,285,286
15054,309,284,286
15055,309,284,284
15056,309,282,282
15057,309,284,282
15058,309,285,284
15059,308,284,284
15060,309,284,286
15061,309,284,286
15062,309,282,284
15063,308,279,284
15064,309,280,282
15065,309,284,282
15066,309,288,284
15067,309,288,286
15068,309,286,286
15069,308,281,287
15070,308,282,284
15071,309,280,281
15072,308,279,280
15073,308,281,282
15074,309,286,285
15075,309,288,288
15076,308,288,288
15077,309,284,286
15078,308,279,284
15079,309,279,281
15080,309,280,280
15081,309,281,282
15082,308,286,286
15083,308,288,288
15084,309,288,288
15085,308,284,286
15086,308,279,282
15087,308,277,280
15088,308,282,281
15089,310,284,282
15090,309,285,286
15091,309,285,289
15092,309,285,289
15093,308,284,286
15094,309,280,282
15095,309,279,279
15096,308,279,281
15097,309,286,284
15098,309,288,288
15099,309,287,288
15100,310,282,287
15101,309,280,284
15102,310,280,280
15103,308,280,280
15104,308,284,281
15105,309,286,286
15106,309,289,288
15107,309,286,288
15108,309,279,285
15109,308,278,282
15110,309,279,280
15111,309,284,280
15112,309,284,282
15113,309,285,286
15114,308,285,288
15115,309,286,288
15116,309,284,285
15117,309,279,282
15118,308,276,280
15119,308,280,280
15120,309,284,282
15121,309,288,286
15122,309,290,288
15123,308,286,288
15124,308,284,284
15125,309,279,282
15126,308,276,280
15127,308,276,282
15128,308,284,284
15129,309,289,286
15130,309,293,288
15131,309,292,287
15132,309,284,284
15133,309,278,282
15134,308,278,280
15135,309,278,279
15136,309,284,282
15137,308,290,285
15138,309,292,286
15139,309,290,288
15140,309,288,286
15141,309,284,284
15142,309,280,281
15143,308,279,279
15144,308,280,278
15145,308,284,282
15146,308,290,284
15147,309,292,286
15148,308,288,286
15149,310,282,284
15150,309,279,280
15151,308,280,280
15152,308,282,281
15153,308,284,282
15154,309,287,286
15155,309,289,285
15156,309,288,284
15157,308,284,281
15158,308,281,280
15159,309,282,280
15160,310,284,282
15161,308,287,286
15162,310,286,286
15163,308,285,286
15164,308,285,284
15165,308,288,282
15166,309,284,282
15167,309,288,282
15168,308,288,284
15169,309,284,284
15170,309,284,284
15171,309,285,284
15172,308,281,284
15173,308,285,284
15174,308,285,282
15175,309,284,282
15176,308,282,284
15177,309,284,286
15178,309,288,286
15179,309,288,286
15180,309,284,282
15181,308,281,282
15182,308,281,282
15183,308,284,282
15184,309,284,282
15185,309,288,284
15186,308,292,286
15187,309,288,288
15188,309,279,284
15189,309,279,282
15190,309,280,280
15191,309,288,282
15192,309,290,284
15193,308,289,286
15194,309,288,288
15195,309,288,286
15196,308,284,284
15197,309,279,280
15198,308,281,279
15199,308,281,282
15200,309,289,286
15201,309,292,288
15202,309,288,288
15203,308,285,284
15204,309,284,282
15205,309,282,282
15206,309,282,282
15207,309,284,282
15208,308,285,284
15209,310,288,285
15210,309,289,285
15211,309,288,284
15212,308,284,284
15213,308,284,284
15214,308,284,284
15215,309,284,284
15216,309,288,284
15217,308,288,284
15218,308,289,284
15219,308,288,282
15220,310,284,282
15221,308,284,284
15222,310,284,284
15223,309,288,286
15224,309,285,286
15225,308,284,284
15226,309,284,284
15227,308,288,284
15228,309,288,284
15229,308,288,284
15230,309,288,286
15231,309,288,286
15232,308,285,284
15233,308,284,282
15234,308,284,280
15235,308,285,282
15236,309,288,285
15237,309,288,287
15238,308,284,286
15239,308,284,285
15240,309,285,284
15241,309,288,282
15242,309,284,284
15243,309,285,284
15244,308,285,284
15245,308,288,284
15246,308,288,284
15247,308,288,282
15248,309,288,284
15249,309,288,284
15250,309,288,284
15251,308,284,284
15252,309,285,284
15253,308,285,284
15254,308,288,284
15255,309,288,284
15256,309,284,284
15257,309,285,285
15258,308,288,285
15259,308,288,284
15260,309,284,284
15261,308,284,282
15262,309,282,282
15263,308,288,284
15264,309,288,285
15265,308,288,286
15266,309,288,286
15267,309,288,285
15268,308,285,282
15269,310,282,280
15270,309,284,280
15271,309,288,284
15272,309,288,288
15273,308,288,290
15274,309,288,286
15275,309,284,284
15276,308,285,280
15277,308,285,279
15278,308,285,282
15279,308,288,284
15280,310,288,286
15281,309,288,288
15282,310,286,286
15283,309,285,282
15284,308,284,282
15285,309,288,282
15286,308,288,284
15287,309,284,284
15288,309,284,286
15289,308,288,286
15290,309,289,285
15291,308,289,284
15292,309,288,282
15293,309,284,284
15294,309,284,284
15295,308,284,284
15296,309,284,285
15297,309,288,285
15298,308,289,284
15299,308,289,284
15300,309,288,284
15301,308,284,284
15302,309,281,284
15303,309,285,285
15304,309,284,284
15305,309,284,284
15306,308,281,284
15307,309,284,284
15308,308,284,284
15309,308,284,286
15310,308,284,284
15311,308,284,284
15312,309,284,284
15313,309,281,284
15314,308,280,284
15315,308,284,285
15316,309,285,286
15317,309,285,286
15318,308,284,286
15319,308,279,284
15320,309,279,284
15321,309,286,284
15322,309,288,284
15323,308,288,285
15324,309,285,285
15325,309,285,285
15326,309,288,284
15327,308,288,284
15328,309,288,284
15329,310,284,284
15330,308,288,286
15331,308,288,286
15332,308,288,286
15333,308,288,285
15334,308,288,284
15335,309,284,282
15336,309,284,284
15337,309,288,286
15338,309,288,286
15339,309,289,286
15340,310,288,284
15341,309,284,282
15342,310,280,282
15343,308,288,284
15344,309,289,284
15345,309,290,288
15346,309,289,288
15347,309,284,286
15348,308,281,282
15349,309,281,282
15350,309,281,282
15351,309,288,284
15352,309,292,284
15353,309,292,286
15354,309,288,288
15355,309,282,286
15356,309,280,284
15357,309,281,282
15358,309,285,282
15359,308,285,282
15360,309,288,286
15361,308,289,286
15362,309,288,286
15363,309,288,285
15364,309,284,284
15365,309,281,284
15366,309,284,284
15367,308,285,284
15368,308,285,284
15369,308,288,285
15370,309,289,284
15371,309,289,284
15372,309,288,286
15373,308,284,286
15374,309,284,284
15375,309,284,284
15376,309,285,282
15377,309,284,281
15378,309,288,284
15379,309,289,286
15380,309,288,288
15381,309,284,286
15382,309,282,284
15383,308,284,282
15384,309,285,282
15385,309,288,282
15386,309,288,285
15387,309,288,288
15388,309,289,288
15389,310,288,284
15390,308,285,282
15391,308,282,282
15392,309,284,284
15393,308,285,284
15394,309,288,287
15395,309,288,287
15396,309,288,288
15397,309,288,284
15398,308,288,281
15399,309,288,281
15400,310,284,284
15401,309,285,286
15402,310,284,288
15403,309,285,288
15404,309,284,284
15405,309,282,282
15406,308,285,280
15407,309,288,282
15408,309,288,284
15409,309,288,290
15410,309,288,288
15411,308,285,284
15412,309,282,280
15413,308,281,278
15414,309,284,280
15415,309,289,286
15416,309,292,289
15417,309,288,292
15418,309,285,288
15419,309,282,282
15420,309,282,278
15421,308,284,278
15422,309,284,282
15423,309,285,288
15424,309,288,292
15425,308,288,288
15426,309,288,286
15427,308,284,280
15428,309,284,280
15429,309,284,280
15430,309,284,284
15431,309,288,286
15432,308,288,288
15433,308,289,288
15434,308,288,284
15435,309,284,281
15436,309,281,282
15437,308,284,284
15438,309,288,286
15439,308,288,287
15440,309,288,286
15441,308,288,284
15442,309,284,284
15443,308,284,282
15444,308,284,282
15445,308,288,285
15446,309,288,288
15447,309,288,288
15448,308,288,286
15449,310,284,282
15450,309,284,281
15451,309,288,282
15452,309,288,284
15453,309,288,284
15454,309,288,286
15455,309,288,286
15456,309,284,284
15457,308,282,282
15458,309,284,280
15459,308,288,282
15460,310,288,286
15461,309,288,288
15462,310,284,286
15463,309,284,285
15464,309,286,281
15465,308,284,281
15466,308,281,283
15467,308,281,284
15468,309,284,285
15469,308,288,285
15470,309,290,285
15471,308,286,283
15472,309,284,284
15473,309,282,283
15474,308,282,283
15475,308,282,283
15476,308,285,285
15477,309,288,285
15478,309,288,285
15479,308,286,285
15480,309,282,283
15481,308,280,282
15482,309,282,282
15483,309,284,284
15484,309,284,286
15485,309,286,286
15486,309,286,284
15487,309,288,282
15488,309,285,281
15489,308,282,280
15490,309,284,284
15491,309,284,285
15492,309,286,286
15493,309,284,286
15494,308,284,284
15495,309,284,282
15496,309,284,281
15497,309,284,284
15498,308,284,284
15499,309,284,286
15500,309,288,286
15501,308,288,284
15502,309,282,282
15503,309,282,282
15504,309,284,282
15505,309,284,284
15506,309,286,286
15507,309,286,286
15508,308,285,284
15509,310,288,284
15510,309,284,282
15511,309,282,282
15512,309,280,284
15513,308,282,286
15514,308,286,286
15515,309,286,284
15516,309,286,284
15517,309,282,284
15518,309,282,284
15519,308,282,284
15520,310,282,284
15521,309,284,284
15522,310,285,284
15523,309,284,284
15524,309,284,284
15525,309,285,282
15526,309,284,284
15527,309,288,286
15528,309,284,286
15529,309,285,285
15530,309,282,285
15531,309,284,284
15532,309,284,284
15533,310,284,284
15534,309,284,284
15535,309,285,284
15536,309,288,284
15537,309,284,284
15538,309,282,284
15539,309,282,284
15540,308,284,284
15541,309,284,286
15542,309,284,286
15543,310,282,284
15544,309,282,284
15545,308,288,284
15546,309,286,285
15547,308,284,284
15548,309,282,284
15549,309,284,284
15550,309,284,282
15551,309,284,284
15552,309,284,284
15553,309,284,284
15554,309,287,285
15555,309,286,286
15556,309,282,284
15557,309,280,284
15558,309,282,282
15559,309,282,282
15560,309,284,284
15561,308,286,286
15562,309,288,284
15563,309,287,284
15564,309,286,284
15565,309,280,284
15566,309,280,284
15567,309,282,284
15568,308,286,284
15569,310,284,285
15570,309,286,286
15571,309,284,286
15572,309,286,284
15573,309,284,283
15574,309,282,282
15575,308,282,284
15576,309,284,284
15577,309,286,284
15578,309,284,286
15579,309,282,286
15580,310,280,284
15581,309,284,282
15582,310,286,282
15583,309,284,282
15584,309,284,286
15585,309,284,286
15586,308,284,284
15587,309,282,284
15588,309,280,284
15589,309,284,284
15590,309,286,284
15591,308,286,285
15592,309,286,284
15593,309,284,286
15594,309,284,284
15595,309,284,282
15596,308,282,281
15597,309,282,284
15598,309,284,286
15599,308,286,286
15600,309,286,284
15601,309,284,282
15602,308,282,282
15603,309,284,284
15604,309,286,284
15605,309,284,286
15606,309,284,286
15607,309,282,284
15608,309,284,282
15609,309,284,281
15610,308,284,280
15611,308,284,284
15612,309,287,288
15613,310,286,288
15614,309,282,286
15615,309,278,282
15616,308,280,280
15617,309,284,281
15618,309,287,284
15619,309,290,286
15620,309,286,288
15621,309,284,288
15622,309,281,284
15623,309,279,280
15624,309,279,280
15625,309,285,282
15626,309,292,286
15627,309,292,288
15628,309,289,286
15629,311,286,284
15630,309,284,282
15631,310,282,280
15632,308,281,281
15633,309,284,285
15634,309,288,288
15635,309,292,289
15636,309,288,286
15637,309,285,282
15638,309,284,280
15639,309,285,282
15640,309,288,284
15641,309,284,286
15642,308,284,286
15643,309,284,286
15644,308,286,284
15645,309,286,282
15646,309,284,282
15647,309,284,284
15648,309,284,288
15649,308,284,286
15650,309,282,284
15651,308,284,282
15652,308,286,282
15653,309,286,282
15654,309,286,286
15655,309,284,288
15656,309,282,287
15657,308,284,285
15658,309,284,282
15659,308,284,280
15660,309,284,282
15661,309,286,284
15662,309,286,286
15663,309,284,288
15664,308,280,286
15665,309,280,284
15666,309,284,282
15667,308,286,282
15668,309,284,284
15669,308,284,288
15670,309,286,288
15671,308,284,286
15672,308,282,282
15673,309,282,281
15674,308,284,282
15675,309,286,284
15676,309,287,287
15677,309,286,287
15678,309,284,286
15679,309,284,284
15680,309,282,281
15681,309,282,280
15682,309,286,284
15683,309,286,286
15684,309,287,289
15685,309,284,288
15686,309,282,284
15687,309,280,280
15688,309,284,280
15689,309,286,282
15690,309,286,286
15691,310,286,289
15692,309,286,288
15693,309,284,285
15694,309,282,284
15695,308,282,280
15696,309,282,282
15697,308,286,284
15698,309,286,287
15699,309,284,288
15700,309,284,286
15701,309,284,284
15702,308,284,281
15703,308,284,282
15704,308,284,284
15705,308,284,286
15706,309,286,287
15707,308,286,286
15708,310,284,285
15709,309,284,284
15710,309,284,282
15711,309,284,282
15712,308,284,284
15713,309,282,286
15714,309,282,287
15715,310,286,286
15716,309,286,284
15717,309,284,284
15718,309,280,284
15719,309,282,284
15720,309,284,284
15721,308,286,285
15722,308,287,284
15723,308,282,284
15724,309,284,284
15725,309,282,284
15726,308,282,284
15727,309,284,284
15728,309,286,286
15729,309,286,286
15730,309,284,285
15731,308,282,284
15732,309,280,284
15733,309,284,284
15734,308,286,284
15735,309,284,284
15736,309,284,286
15737,309,284,285
15738,309,284,284
15739,309,284,284
15740,309,282,284
15741,309,282,284
15742,309,284,284
15743,309,284,284
15744,308,284,284
15745,309,284,284
15746,309,284,284
15747,308,286,286
15748,309,284,286
15749,309,282,284
15750,309,280,284
15751,310,282,284
15752,309,284,284
15753,309,284,284
15754,309,286,287
15755,309,286,286
15756,308,284,286
15757,309,282,282
15758,309,280,280
15759,309,282,280
15760,309,286,284
15761,308,287,286
15762,309,286,288
15763,309,284,288
15764,309,284,286
15765,309,282,282
15766,308,280,280
15767,308,282,280
15768,309,284,284
15769,309,287,287
15770,309,290,288
15771,309,286,286
15772,309,282,284
15773,308,280,279
15774,309,280,279
15775,309,282,282
15776,308,284,286
15777,309,287,290
15778,308,288,290
15779,309,286,287
15780,309,280,280
15781,309,278,278
15782,308,282,279
15783,310,286,283
15784,309,288,289
15785,309,288,292
15786,309,286,288
15787,308,282,284
15788,309,281,280
15789,308,280,280
15790,309,284,285
15791,309,288,292
15792,309,289,292
15793,309,285,289
15794,309,284,284
15795,308,280,277
15796,308,281,280
15797,309,284,284
15798,309,286,288
15799,308,288,292
15800,309,288,289
15801,308,284,284
15802,309,279,282
15803,309,278,279
15804,308,282,281
15805,309,286,285
15806,309,288,290
15807,309,286,289
15808,309,284,286
15809,308,284,280
15810,309,284,278
15811,310,280,280
15812,308,282,284
15813,310,284,288
15814,309,286,289
15815,309,287,288
15816,309,286,282
15817,308,282,281
15818,309,282,280
15819,308,282,282
15820,309,282,285
15821,309,284,287
15822,309,286,286
15823,309,286,284
15824,308,286,282
15825,309,284,280
15826,309,284,284
15827,309,286,286
15828,309,286,286
15829,308,282,286
15830,308,280,284
15831,309,282,281
15832,308,287,280
15833,308,289,282
15834,309,289,286
15835,309,284,288
15836,308,285,287
15837,309,284,282
15838,310,281,280
15839,308,284,282
15840,308,284,284
15841,309,286,286
15842,309,286,286
15843,309,285,284
15844,309,284,284
15845,309,286,284
15846,309,285,282
15847,309,284,284
15848,309,284,284
15849,309,285,284
15850,309,288,284
15851,308,287,284
15852,309,286,284
15853,309,285,284
15854,309,285,284
15855,309,285,284
15856,309,282,284
15857,309,284,284
15858,309,286,284
15859,308,288,284
15860,309,286,284
15861,308,284,282
15862,308,282,284
15863,309,285,284
15864,308,286,284
15865,308,285,284
15866,309,285,284
15867,309,287,284
15868,309,285,282
15869,309,282,284
15870,309,284,284
15871,310,284,285
15872,309,286,284
15873,310,289,284
15874,308,285,284
15875,309,282,284
15876,309,285,284
15877,309,285,284
15878,308,285,284
15879,309,285,284
15880,309,285,284
15881,309,288,285
15882,309,288,285
15883,309,285,284
15884,309,284,284
15885,309,284,282
15886,308,284,284
15887,309,285,284
15888,309,288,286
15889,309,286,286
15890,309,288,284
15891,309,284,282
15892,309,281,280
15893,310,281,282
15894,308,287,285
15895,309,289,288
15896,308,288,290
15897,309,284,288
15898,310,284,284
15899,309,284,280
15900,309,284,279
15901,309,285,281
15902,308,284,286
15903,309,288,288
15904,309,288,288
15905,309,286,286
15906,308,284,282
15907,309,282,280
15908,310,284,282
15909,309,285,284
15910,309,286,285
15911,309,289,288
15912,309,290,286
15913,310,287,282
15914,309,281,280
15915,309,280,280
15916,309,284,282
15917,309,288,286
15918,309,289,288
15919,309,288,286
15920,309,285,284
15921,308,284,282
15922,308,281,280
15923,310,281,282
15924,309,284,284
15925,309,288,285
15926,309,292,286
15927,309,290,286
15928,310,287,284
15929,309,282,284
15930,309,284,284
15931,310,282,284
15932,308,284,284
15933,308,285,285
15934,309,289,284
15935,309,289,284
15936,308,289,284
15937,309,285,284
15938,309,284,284
15939,308,285,284
15940,309,285,282
15941,309,284,282
15942,309,284,284
15943,309,288,285
15944,309,289,286
15945,309,287,286
15946,309,284,284
15947,308,277,282
15948,309,279,280
15949,308,284,280
15950,308,285,284
15951,309,287,288
15952,309,287,289
15953,309,284,288
15954,309,279,285
15955,309,279,280
15956,309,279,280
15957,308,285,282
15958,309,289,286
15959,309,285,288
15960,309,285,288
15961,308,285,284
15962,309,284,282
15963,309,283,280
15964,309,284,280
15965,309,285,282
15966,309,289,286
15967,309,290,288
15968,310,288,288
15969,309,286,284
15970,309,285,280
15971,309,284,280
15972,308,282,281
15973,309,284,285
15974,309,285,287
15975,309,292,287
15976,309,292,284
15977,309,288,282
15978,309,284,282
15979,308,284,282
15980,309,282,284
15981,308,284,286
15982,309,284,286
15983,309,289,286
15984,309,292,284
15985,309,289,284
15986,309,283,282
15987,309,281,284
15988,309,284,284
15989,309,286,284
15990,309,288,285
15991,310,287,286
15992,309,288,284
15993,308,286,284
15994,308,284,282
15995,309,282,280
15996,309,284,284
15997,308,288,285
15998,309,289,286
15999,309,287,286
16000,308,285,284
16001,309,284,281
16002,309,284,282
16003,309,286,284
16004,308,285,285
16005,309,285,287
16006,309,288,285
16007,309,288,282
16008,309,287,281
16009,309,285,282
16010,309,284,284
16011,309,285,286
16012,309,286,286
16013,310,285,284
16014,309,288,284
16015,309,289,284
16016,308,288,284
16017,309,284,284
16018,309,284,285
16019,309,284,286
16020,308,286,286
16021,309,288,284
16022,309,286,281
16023,309,285,282
16024,309,285,284
16025,309,286,286
16026,309,285,286
16027,309,286,286
16028,309,285,284
16029,309,284,284
16030,309,284,282
16031,308,284,281
16032,309,286,284
16033,309,290,288
16034,309,290,288
16035,309,285,286
16036,309,282,282
16037,308,281,280
16038,309,284,282
16039,309,287,284
16040,309,288,286
16041,309,288,288
16042,309,287,287
16043,309,286,284
16044,309,284,282
16045,309,282,282
16046,308,284,282
16047,309,287,285
16048,308,288,288
16049,309,287,286
16050,308,285,284
16051,310,286,284
16052,309,285,282
16053,310,284,283
16054,308,284,284
16055,309,285,285
16056,309,288,286
16057,309,289,286
16058,309,288,284
16059,309,285,284
16060,309,284,282
16061,309,284,282
16062,308,282,284
16063,309,285,286
16064,308,288,286
16065,309,289,286
16066,309,286,284
16067,308,284,282
16068,309,280,282
16069,309,284,284
16070,309,286,285
16071,309,288,288
16072,309,288,287
16073,309,288,284
16074,308,285,282
16075,309,283,281
16076,309,282,282
16077,309,282,285
16078,309,288,288
16079,308,289,288
16080,308,288,288
16081,309,285,284
16082,309,284,282
16083,309,284,280
16084,309,284,280
16085,308,285,283
16086,308,285,288
16087,309,289,289
16088,309,288,288
16089,309,285,284
16090,309,284,282
16091,309,284,280
16092,309,285,280
16093,309,285,284
16094,309,287,289
16095,309,288,290
16096,309,289,286
16097,309,288,280
16098,309,284,278
16099,308,280,279
16100,309,284,284
16101,309,288,288
16102,309,288,290
16103,309,287,286
16104,308,282,285
16105,308,282,280
16106,308,281,277
16107,309,281,277
16108,309,284,283
16109,309,288,289
16110,309,290,289
16111,310,286,287
16112,309,281,281
16113,309,278,280
16114,308,280,280
16115,309,285,283
16116,309,286,283
16117,309,287,289
16118,308,288,288
16119,309,285,283
16120,308,282,277
16121,308,281,278
16122,309,282,282
16123,309,288,286
16124,309,288,288
16125,309,285,286
16126,309,284,286
16127,309,285,284
16128,309,287,282
16129,309,287,282
16130,309,286,284
16131,309,285,286
16132,309,284,286
16133,309,285,284
16134,309,284,280
16135,309,286,282
16136,308,289,284
16137,309,288,286
16138,308,284,288
16139,308,282,286
16140,309,284,284
16141,308,285,281
16142,309,286,281
16143,309,288,282
16144,309,287,286
16145,309,287,288
16146,309,285,286
16147,308,284,284
16148,309,284,281
16149,308,284,280
16150,308,285,282
16151,309,287,286
16152,309,285,287
16153,309,285,288
16154,309,286,285
16155,309,285,282
16156,308,284,280
16157,309,284,280
16158,308,285,284
16159,309,288,287
16160,309,288,288
16161,309,286,286
16162,309,284,284
16163,309,285,282
16164,308,284,282
16165,309,284,284
16166,309,285,285
16167,309,287,286
16168,309,288,286
16169,309,288,284
16170,309,286,282
16171,311,284,282
16172,308,285,284
16173,308,285,286
16174,309,284,286
16175,309,285,286
16176,309,285,284
16177,309,285,284
16178,309,285,284
16179,309,285,282
16180,309,285,284
16181,309,288,284
16182,309,285,286
16183,309,281,285
16184,309,280,284
16185,309,282,284
16186,309,284,284
16187,309,285,284
16188,309,284,284
16189,309,283,284
16190,309,286,284
16191,309,284,284
16192,308,283,286
16193,308,285,285
16194,309,284,284
16195,309,283,284
16196,309,284,284
16197,309,284,284
16198,310,285,286
16199,309,290,286
16200,309,288,286
16201,309,283,284
16202,308,279,282
16203,308,280,280
16204,309,283,281
16205,309,289,284
16206,308,288,287
16207,309,284,288
16208,309,284,286
16209,309,281,282
16210,309,280,280
16211,308,281,280
16212,309,285,282
16213,309,288,286
16214,309,285,288
16215,309,283,286
16216,309,281,284
16217,308,285,281
16218,309,285,280
16219,309,282,281
16220,309,284,286
16221,309,288,288
16222,309,287,286
16223,308,284,284
16224,309,283,282
16225,308,280,282
16226,308,281,284
16227,309,284,284
16228,309,286,286
16229,309,285,286
16230,309,285,284
16231,310,284,282
16232,309,281,282
16233,309,280,284
16234,309,282,285
16235,308,284,286
16236,309,288,286
16237,309,285,284
16238,309,284,282
16239,309,284,282
16240,309,284,284
16241,309,280,285
16242,309,282,286
16243,309,284,286
16244,309,285,285
16245,309,285,284
16246,308,283,281
16247,309,282,282
16248,308,284,284
16249,309,284,285
16250,309,283,286
16251,308,282,286
16252,309,282,284
16253,308,284,284
16254,308,285,282
16255,309,284,280
16256,309,283,284
16257,309,284,286
16258,309,284,286
16259,309,281,285
16260,309,281,284
16261,308,283,282
16262,308,286,282
16263,308,286,284
16264,308,284,286
16265,309,284,286
16266,309,285,284
16267,308,285,282
16268,308,284,282
16269,309,284,284
16270,309,284,284
16271,309,284,286
16272,309,285,286
16273,308,284,284
16274,309,284,284
16275,309,285,284
16276,309,285,284
16277,309,285,284
16278,309,284,286
16279,309,284,286
16280,309,284,285
16281,309,284,284
16282,308,284,280
16283,309,282,282
16284,309,285,284
16285,309,285,286
16286,309,284,288
16287,309,284,287
16288,309,283,284
16289,308,281,282
16290,309,281,281
16291,310,280,281
16292,309,282,284
16293,309,288,286
16294,309,288,286
16295,309,284,284
16296,309,284,282
16297,309,283,281
16298,309,283,282
16299,309,281,284
16300,309,282,286
16301,309,282,286
16302,308,287,286
16303,308,288,284
16304,309,284,282
16305,309,282,282
16306,309,284,284
16307,309,285,284
16308,308,285,286
16309,309,284,286
16310,309,282,284
16311,309,284,282
16312,309,284,282
16313,309,283,284
16314,309,284,286
16315,309,285,286
16316,309,285,284
16317,308,283,284
16318,309,281,282
16319,309,280,282
16320,309,285,284
16321,309,288,284
16322,309,285,284
16323,308,282,286
16324,308,283,284
16325,309,284,284
16326,309,284,284
16327,309,284,284
16328,308,282,284
16329,308,284,284
16330,309,284,282
16331,309,283,284
16332,309,284,285
16333,308,288,284
16334,309,288,284
16335,309,283,284
16336,309,280,284
16337,308,280,284
16338,310,284,284
16339,309,288,284
16340,308,288,284
16341,309,285,285
16342,308,286,286
16343,308,283,285
16344,309,281,284
16345,309,281,282
16346,309,282,282
16347,309,285,284
16348,309,288,285
16349,309,284,286
16350,309,284,286
16351,310,284,285
16352,309,284,282
16353,309,282,281
16354,309,281,282
16355,309,281,284
16356,308,288,286
16357,309,289,286
16358,308,288,284
16359,309,283,284
16360,309,281,282
16361,309,281,282
16362,308,282,282
16363,308,283,284
16364,308,288,286
16365,308,288,286
16366,309,288,284
16367,309,282,281
16368,308,280,282
16369,309,281,284
16370,309,284,284
16371,308,285,285
16372,308,285,284
16373,309,285,284
16374,308,284,284
16375,309,284,284
16376,308,282,282
16377,309,284,284
16378,308,288,286
16379,308,285,286
16380,309,284,286
16381,309,282,284
16382,309,284,282
16383,308,285,282
16384,309,288,282
16385,309,285,284
16386,308,284,288
16387,309,284,287
16388,308,284,284
16389,309,282,282
16390,309,281,281
16391,308,283,282
16392,308,285,284
16393,309,285,286
16394,309,284,285
16395,308,284,284
16396,309,285,282
16397,309,284,280
16398,308,282,282
16399,309,281,284
16400,309,282,287
16401,309,284,288
16402,309,286,286
16403,308,285,282
16404,309,284,282
16405,309,284,281
16406,309,283,282
16407,308,281,284
16408,308,282,286
16409,309,285,286
16410,309,288,284
16411,310,285,284
16412,309,283,282
16413,308,280,284
16414,308,284,285
16415,309,284,285
16416,309,284,286
16417,309,284,286
16418,308,284,284
16419,309,284,282
16420,309,284,282
16421,309,284,284
16422,309,285,286
16423,309,287,287
16424,309,285,286
16425,308,281,286
16426,309,280,285
16427,309,284,284
16428,308,286,282
16429,308,287,284
16430,308,286,284
16431,308,284,284
16432,308,284,284
16433,308,284,284
16434,308,282,284
16435,309,282,284
16436,308,284,284
16437,308,286,284
16438,309,285,284
16439,309,285,284
16440,309,284,285
16441,308,285,286
16442,309,284,284
16443,308,280,282
16444,309,281,282
16445,309,284,284
16446,309,288,285
16447,309,288,286
16448,308,285,286
16449,309,280,286
16450,308,281,284
16451,309,281,284
16452,309,282,284
16453,309,285,285
16454,309,288,285
16455,308,288,284
16456,309,283,284
16457,309,281,284
16458,308,281,282
16459,309,284,284
16460,309,285,286
16461,308,283,286
16462,309,284,286
16463,308,284,284
16464,309,285,284
16465,309,284,282
16466,309,284,284
16467,308,283,284
16468,308,284,285
16469,309,284,285
16470,308,282,284
16471,310,281,284
16472,309,284,282
16473,309,285,284
16474,309,284,286
16475,309,283,286
16476,309,283,286
16477,309,284,284
16478,308,285,284
16479,309,283,282
16480,309,283,282
16481,308,284,284
16482,309,286,284
16483,309,284,286
16484,309,283,288
16485,309,282,286
16486,308,284,284
16487,308,284,282
16488,308,283,282
16489,309,284,284
16490,309,285,286
16491,309,288,286
16492,309,285,286
16493,308,283,282
16494,309,281,282
16495,308,282,282
16496,309,284,285
16497,309,284,286
16498,308,285,287
16499,309,288,285
16500,309,285,284
16501,308,281,282
16502,308,282,282
16503,308,283,284
16504,309,288,286
16505,309,288,288
16506,309,284,284
16507,309,282,284
16508,308,281,282
16509,309,281,284
16510,308,281,284
16511,309,284,286
16512,309,288,287
16513,309,285,288
16514,309,284,284
16515,309,281,281
16516,309,281,280
16517,309,284,284
16518,308,285,286
16519,309,284,288
16520,309,283,286
16521,309,284,286
16522,309,286,284
16523,308,285,284
16524,309,283,282
16525,309,281,284
16526,309,284,286
16527,309,285,287
16528,309,284,286
16529,309,284,284
16530,309,284,284
16531,310,282,284
16532,309,283,284
16533,308,283,284
16534,309,284,286
16535,309,287,288
16536,308,288,286
16537,309,283,284
16538,309,281,281
16539,308,282,282
16540,309,284,285
16541,309,286,288
16542,309,286,288
16543,309,286,286
16544,309,286,285
16545,309,283,282
16546,308,279,280
16547,309,282,282
16548,308,286,286
16549,309,288,288
16550,309,286,289
16551,308,284,286
16552,309,280,284
16553,308,283,282
16554,309,284,282
16555,309,286,284
16556,309,286,286
16557,309,288,288
16558,309,285,286
16559,308,284,286
16560,309,282,282
16561,309,280,281
16562,308,282,282
16563,308,286,284
16564,309,284,286
16565,309,286,289
16566,309,288,287
16567,308,286,284
16568,308,281,281
16569,309,279,280
16570,308,282,282
16571,309,286,284
16572,309,290,286
16573,309,287,288
16574,309,285,286
16575,308,286,284
16576,309,282,282
16577,309,280,282
16578,308,281,284
16579,308,282,286
16580,308,288,286
16581,308,288,285
16582,309,284,284
16583,308,284,284
16584,308,284,282
16585,309,284,282
16586,309,284,285
16587,309,284,287
16588,308,284,288
16589,308,285,286
16590,309,285,284
16591,310,282,282
16592,309,279,284
16593,308,284,282
16594,309,284,284
16595,309,285,286
16596,309,285,286
16597,309,285,286
16598,308,285,284
16599,309,284,284
16600,309,279,282
16601,309,281,284
16602,309,285,285
16603,308,288,284
16604,308,287,284
16605,309,286,284
16606,309,284,284
16607,309,284,284
16608,308,284,284
16609,309,284,284
16610,309,286,286
16611,308,287,284
16612,308,286,284
16613,308,284,284
16614,309,282,284
16615,309,283,284
16616,308,284,284
16617,309,286,285
16618,308,286,284
16619,308,286,284
16620,309,286,284
16621,308,286,284
16622,309,282,284
16623,309,284,285
16624,308,286,285
16625,309,286,285
16626,309,286,284
16627,309,284,282
16628,308,284,284
16629,309,286,284
16630,309,286,284
16631,308,284,285
16632,308,284,284
16633,308,284,284
16634,308,286,284
16635,309,286,284
16636,309,286,282
16637,308,284,284
16638,308,286,286
16639,309,284,286
16640,308,282,284
16641,310,283,282
16642,308,286,282
16643,309,290,284
16644,308,288,284
16645,308,284,284
16646,308,282,284
16647,309,282,284
16648,308,284,284
16649,309,284,284
16650,309,286,284
16651,310,290,285
16652,308,288,284
16653,308,286,284
16654,308,282,282
16655,308,282,284
16656,309,286,284
16657,309,286,285
16658,309,286,285
16659,308,286,284
16660,309,286,282
16661,309,286,282
16662,309,285,282
16663,308,284,284
16664,308,282,287
16665,309,286,287
16666,309,286,284
16667,309,284,282
16668,308,284,282
16669,309,286,284
16670,309,287,285
16671,309,286,286
16672,309,286,284
16673,308,282,284
16674,308,283,284
16675,308,284,282
16676,309,286,282
16677,308,287,285
16678,309,287,287
16679,309,286,288
16680,308,284,286
16681,308,284,282
16682,309,282,280
16683,308,286,280
16684,309,287,284
16685,309,286,286
16686,309,286,288
16687,309,286,285
16688,308,286,284
16689,309,284,282
16690,308,284,282
16691,308,284,284
16692,309,287,286
16693,308,287,288
16694,309,286,284
16695,308,284,282
16696,308,284,279
16697,309,284,280
16698,309,284,284
16699,309,286,286
16700,309,287,286
16701,308,287,286
16702,309,284,284
16703,308,279,282
16704,309,282,282
16705,309,286,284
16706,309,290,284
16707,309,287,286
16708,309,286,285
16709,308,284,284
16710,309,286,282
16711,310,286,282
16712,309,284,284
16713,309,286,286
16714,309,286,285
16715,308,286,284
16716,308,284,284
16717,309,284,284
16718,309,286,284
16719,308,288,284
16720,308,287,286
16721,309,284,284
16722,309,281,284
16723,309,283,281
16724,309,284,280
16725,308,286,282
16726,309,286,286
16727,309,287,286
16728,308,287,286
16729,309,286,284
16730,309,282,281
16731,309,282,282
16732,309,286,282
16733,308,286,284
16734,309,286,284
16735,309,286,284
16736,308,286,284
16737,308,287,284
16738,309,286,284
16739,309,284,282
16740,308,282,284
16741,309,286,284
16742,308,285,283
16743,308,284,282
16744,309,284,285
16745,309,286,286
16746,308,286,286
16747,309,286,285
16748,308,282,282
16749,308,280,282
16750,308,284,282
16751,308,284,282
16752,309,285,284
16753,308,287,289
16754,309,288,289
16755,309,286,286
16756,308,284,281
16757,309,280,278
16758,308,279,278
16759,309,284,284
16760,309,286,287
16761,309,287,290
16762,309,287,289
16763,309,290,284
16764,309,286,279
16765,308,282,278
16766,308,279,280
16767,309,279,285
16768,309,286,288
16769,309,290,288
16770,308,290,288
16771,310,286,284
16772,308,284,280
16773,309,283,280
16774,309,282,284
16775,308,283,286
16776,309,284,289
16777,309,287,288
16778,309,286,284
16779,309,284,280
16780,308,284,280
16781,309,286,282
16782,309,286,286
16783,309,286,288
16784,309,284,286
16785,309,282,284
16786,309,284,280
16787,309,286,280
16788,308,286,282
16789,309,286,286
16790,309,290,288
16791,309,287,286
16792,309,284,284
16793,308,282,280
16794,309,282,280
16795,309,286,282
16796,309,287,286
16797,309,286,288
16798,309,286,288
16799,309,286,284
16800,309,284,280
16801,309,282,280
16802,309,281,282
16803,309,282,284
16804,309,288,288
16805,309,290,288
16806,309,287,286
16807,309,284,284
16808,309,284,280
16809,308,283,279
16810,309,283,284
16811,309,284,286
16812,309,286,290
16813,309,288,288
16814,308,287,284
16815,308,283,279
16816,309,282,280
16817,308,284,280
16818,309,287,285
16819,309,288,288
16820,309,286,289
16821,308,284,286
16822,309,282,282
16823,309,283,280
16824,308,284,279
16825,309,287,284
16826,309,290,288
16827,309,290,288
16828,309,284,286
16829,309,282,284
16830,309,279,280
16831,310,286,281
16832,309,286,284
16833,308,286,286
16834,309,287,289
16835,309,288,286
16836,308,286,282
16837,309,282,280
16838,309,279,280
16839,309,282,284
16840,309,286,285
16841,309,288,288
16842,309,286,286
16843,308,286,285
16844,309,286,282
16845,309,286,282
16846,309,284,282
16847,308,284,284
16848,309,286,286
16849,308,286,286
16850,309,286,284
16851,309,284,282
16852,309,284,284
16853,309,286,284
16854,309,286,285
16855,309,284,285
16856,309,284,284
16857,309,286,284
16858,309,287,284
16859,309,286,284
16860,308,284,284
16861,309,282,286
16862,308,284,285
16863,309,286,284
16864,309,286,284
16865,309,286,284
16866,309,286,285
16867,309,286,285
16868,309,286,285
16869,309,284,284
16870,308,282,284
16871,309,286,284
16872,309,286,282
16873,309,284,282
16874,309,284,285
16875,309,286,288
16876,309,286,288
16877,308,286,285
16878,309,284,282
16879,308,282,280
16880,309,286,282
16881,308,286,284
16882,309,287,287
16883,309,287,289
16884,309,285,288
16885,309,284,284
16886,309,281,282
16887,309,281,280
16888,309,282,282
16889,309,288,286
16890,309,290,287
16891,310,288,288
16892,309,284,286
16893,308,284,284
16894,309,282,282
16895,309,281,284
16896,309,281,284
16897,309,284,286
16898,308,289,288
16899,309,290,288
16900,309,285,286
16901,309,284,282
16902,309,284,280
16903,308,284,281
16904,309,284,284
16905,309,284,287
16906,309,284,288
16907,309,287,288
16908,308,289,284
16909,308,285,282
16910,309,284,282
16911,309,284,284
16912,309,284,284
16913,309,284,286
16914,309,285,286
16915,309,285,286
16916,309,288,284
16917,309,285,284
16918,309,284,282
16919,309,281,284
16920,309,285,286
16921,309,286,288
16922,308,286,288
16923,309,284,286
16924,309,282,284
16925,309,284,282
16926,309,286,282
16927,309,284,282
16928,309,285,286
16929,309,288,288
16930,308,285,288
16931,309,282,284
16932,309,281,282
16933,309,282,282
16934,308,286,284
16935,309,288,284
16936,309,288,286
16937,309,285,288
16938,309,285,286
16939,309,284,284
16940,309,284,282
16941,309,282,281
16942,309,282,284
16943,309,286,285
16944,309,287,287
16945,309,286,286
16946,308,284,286
16947,309,286,284
16948,309,286,282
16949,309,282,282
16950,308,282,282
16951,310,284,284
16952,309,286,286
16953,309,288,286
16954,309,284,284
16955,308,284,284
16956,308,284,284
16957,309,284,284
16958,309,282,284
16959,309,284,286
16960,309,288,286
16961,309,288,286
16962,309,284,284
16963,309,282,282
16964,308,282,282
16965,309,284,284
16966,309,286,284
16967,309,285,286
16968,309,285,286
16969,309,286,284
16970,309,284,284
16971,309,284,284
16972,309,282,284
16973,309,284,284
16974,308,288,284
16975,309,288,284
16976,309,286,286
16977,309,284,285
16978,309,284,284
16979,309,284,284
16980,309,282,284
16981,309,282,282
16982,309,284,284
16983,309,288,285
16984,309,288,286
16985,309,284,286
16986,308,284,285
16987,309,284,282
16988,309,284,280
16989,309,284,281
16990,309,284,284
16991,309,284,284
16992,309,288,286
16993,309,290,286
16994,309,286,287
16995,308,282,286
16996,309,281,282
16997,309,282,280
16998,309,284,280
16999,308,285,282
17000,309,286,286
17001,309,288,288
17002,309,286,286
17003,309,282,284
17004,309,281,282
17005,309,282,280
17006,309,284,282
17007,308,285,285
17008,308,288,288
17009,308,286,288
17010,309,288,285
17011,310,285,280
17012,308,281,279
17013,308,281,281
17014,309,285,284
17015,309,288,286
17016,309,288,288
17017,308,288,286
17018,309,282,284
17019,309,282,282
17020,309,282,280
17021,308,284,282
17022,309,285,284
17023,309,288,287
17024,309,288,286
17025,308,284,284
17026,309,282,282
17027,309,281,282
17028,309,284,284
17029,309,288,286
17030,309,288,286
17031,309,286,286
17032,309,288,284
17033,309,285,281
17034,309,282,280
17035,309,281,282
17036,309,282,286
17037,309,288,288
17038,309,289,288
17039,308,288,284
17040,308,285,282
17041,308,284,280
17042,308,282,282
17043,309,282,282
17044,309,286,286
17045,309,288,286
17046,308,288,286
17047,309,285,285
17048,309,282,282
17049,309,282,282
17050,309,285,282
17051,309,288,284
17052,308,286,286
17053,310,285,286
17054,309,285,284
17055,309,285,284
17056,309,285,284
17057,309,284,282
17058,309,284,285
17059,309,288,286
17060,309,288,286
17061,309,284,284
17062,308,282,284
17063,309,282,282
17064,309,285,282
17065,309,286,284
17066,308,284,284
17067,308,284,286
17068,309,284,285
17069,309,284,284
17070,308,284,284
17071,310,282,282
17072,308,284,282
17073,309,284,284
17074,309,284,286
17075,309,284,284
17076,309,284,284
17077,309,286,282
17078,308,286,281
17079,309,284,282
17080,308,281,284
17081,308,284,285
17082,308,286,286
17083,309,288,285
17084,309,288,284
17085,308,284,282
17086,309,284,282
17087,309,284,282
17088,309,282,285
17089,309,284,286
17090,309,288,286
17091,309,288,285
17092,309,288,284
17093,309,282,282
17094,309,280,282
17095,309,284,284
17096,309,288,284
17097,309,286,286
17098,309,285,286
17099,309,285,286
17100,309,285,284
17101,309,284,282
17102,309,284,282
17103,309,282,284
17104,309,285,286
17105,309,285,286
17106,309,284,286
17107,309,284,284
17108,309,285,284
17109,309,286,282
17110,309,285,282
17111,308,284,284
17112,309,284,284
17113,309,288,285
17114,309,286,284
17115,309,284,284
17116,309,284,284
17117,309,284,284
17118,308,284,284
17119,309,285,284
17120,309,285,284
17121,309,284,284
17122,309,284,284
17123,309,284,284
17124,308,284,284
17125,309,284,285
17126,309,285,285
17127,308,286,284
17128,308,284,284
17129,309,284,281
17130,309,282,282
17131,310,288,285
17132,309,288,286
17133,309,288,286
17134,309,285,284
17135,309,284,282
17136,309,282,281
17137,309,282,282
17138,309,284,284
17139,309,288,288
17140,309,292,288
17141,309,290,286
17142,309,282,282
17143,309,280,280
17144,309,280,280
17145,309,284,284
17146,309,288,286
17147,309,289,290
17148,309,288,288
17149,309,284,284
17150,309,280,280
17151,309,279,278
17152,309,282,280
17153,309,288,284
17154,309,289,288
17155,309,285,289
17156,309,282,286
17157,309,281,280
17158,310,284,278
17159,309,286,279
17160,309,288,284
17161,309,288,289
17162,309,286,288
17163,310,284,284
17164,309,281,282
17165,308,282,279
17166,308,284,280
17167,309,289,284
17168,310,290,288
17169,309,286,288
17170,309,282,286
17171,309,284,282
17172,309,284,280
17173,308,284,280
17174,309,284,284
17175,309,286,286
17176,309,288,288
17177,309,288,286
17178,309,282,282
17179,309,282,282
17180,309,284,281
17181,309,286,282
17182,308,284,284
17183,309,284,288
17184,309,284,287
17185,309,288,284
17186,309,286,282
17187,308,284,281
17188,309,282,284
17189,309,285,284
17190,309,288,285
17191,310,288,286
17192,309,285,284
17193,309,284,284
17194,309,284,282
17195,308,284,284
17196,309,284,285
17197,309,284,286
17198,309,286,285
17199,309,284,282
17200,309,282,281
17201,309,284,282
17202,308,285,285
17203,309,288,286
17204,309,286,286
17205,309,284,284
17206,308,281,284
17207,309,284,282
17208,309,285,281
17209,309,284,284
17210,308,284,286
17211,309,284,288
17212,309,285,286
17213,310,286,284
17214,309,285,280
17215,309,284,282
17216,309,285,284
17217,309,284,286
17218,309,284,286
17219,309,284,286
17220,308,288,284
17221,309,288,284
17222,309,286,282
17223,310,284,282
17224,309,281,284
17225,309,285,284
17226,309,285,284
17227,309,284,286
17228,309,284,285
17229,309,285,284
17230,309,287,284
17231,309,285,286
17232,309,284,285
17233,309,281,284
17234,308,281,284
17235,308,284,284
17236,309,284,284
17237,308,285,284
17238,309,289,284
17239,309,289,285
17240,308,285,286
17241,309,281,286
17242,309,279,284
17243,309,282,284
17244,308,286,284
17245,309,286,284
17246,309,287,285
17247,309,287,284
17248,309,286,284
17249,309,282,284
17250,309,282,284
17251,310,281,284
17252,309,286,285
17253,309,290,286
17254,309,286,286
17255,309,284,285
17256,309,286,284
17257,309,282,284
17258,309,282,284
17259,309,284,284
17260,308,284,285
17261,309,288,286
17262,309,288,285
17263,309,286,284
17264,308,282,284
17265,309,282,284
17266,308,286,286
17267,309,286,286
17268,309,286,286
17269,309,286,285
17270,309,286,284
17271,309,284,282
17272,308,282,281
17273,310,282,284
17274,308,286,286
17275,309,286,286
17276,309,284,286
17277,309,282,284
17278,310,282,282
17279,308,284,284
17280,309,285,284
17281,308,285,284
17282,309,286,286
17283,309,286,286
17284,308,286,284
17285,308,282,282
17286,309,282,281
17287,309,282,284
17288,309,286,286
17289,308,286,286
17290,309,286,285
17291,308,286,284
17292,309,288,282
17293,309,286,282
17294,308,282,282
17295,309,282,284
17296,308,284,286
17297,309,286,286
17298,310,286,286
17299,308,286,282
17300,308,286,282
17301,309,286,282
17302,309,287,284
17303,309,286,286
17304,309,282,286
17305,309,282,284
17306,309,284,284
17307,309,286,282
17308,309,282,282
17309,309,286,284
17310,309,287,286
17311,309,287,286
17312,308,286,286
17313,310,282,284
17314,309,282,282
17315,308,282,282
17316,309,286,282
17317,308,286,284
17318,308,286,288
17319,308,286,288
17320,308,286,285
17321,308,282,284
17322,308,282,281
17323,309,282,282
17324,308,286,284
17325,309,286,286
17326,308,286,287
17327,308,282,287
17328,310,286,284
17329,308,282,282
17330,309,282,280
17331,309,284,282
17332,309,286,285
17333,309,286,289
17334,309,286,290
17335,309,286,286
17336,309,282,282
17337,309,282,280
17338,309,286,280
17339,309,286,284
17340,308,286,288
17341,309,290,290
17342,309,288,288
17343,310,286,284
17344,309,282,280
17345,308,282,279
17346,309,286,284
17347,308,286,288
17348,310,286,290
17349,308,286,289
17350,309,286,286
17351,309,282,280
17352,309,282,279
17353,308,282,280
17354,308,282,285
17355,309,290,290
17356,310,287,290
17357,309,286,288
17358,309,282,284
17359,309,282,280
17360,309,286,278
17361,309,286,284
17362,310,284,287
17363,309,286,290
17364,309,286,289
17365,308,286,285
17366,309,282,280
17367,308,282,279
17368,309,286,280
17369,309,286,286
17370,308,286,288
17371,309,286,290
17372,309,286,288
17373,310,286,284
17374,309,286,280
17375,308,282,279
17376,308,282,284
17377,308,286,286
17378,309,290,287
17379,309,287,288
17380,308,286,286
17381,308,282,282
17382,309,282,280
17383,310,284,281
17384,308,282,284
17385,309,284,288
17386,308,288,288
17387,309,288,286
17388,309,285,284
17389,309,282,280
17390,308,282,281
17391,309,284,282
17392,309,285,286
17393,309,284,286
17394,309,286,288
17395,309,288,284
17396,309,286,282
17397,309,282,282
17398,309,282,284
17399,308,284,286
17400,309,287,286
17401,308,287,286
17402,309,284,284
17403,309,282,284
17404,309,286,282
17405,309,286,282
17406,309,286,284
17407,309,286,287
17408,309,286,288
17409,309,286,286
17410,309,286,282
17411,308,282,280
17412,309,282,282
17413,309,286,284
17414,309,286,286
17415,309,286,288
17416,309,284,286
17417,309,286,284
17418,309,286,282
17419,308,286,282
17420,309,286,284
17421,309,282,286
17422,310,285,285
17423,309,286,284
17424,308,286,284
17425,308,286,284
17426,309,286,284
17427,308,286,284
17428,309,286,284
17429,309,282,282
17430,308,286,284
17431,309,286,286
17432,308,286,286
17433,311,284,285
17434,309,282,284
17435,308,286,282
17436,308,286,282
17437,309,286,284
17438,309,286,284
17439,308,286,286
17440,309,286,286
17441,309,286,286
17442,309,284,284
17443,309,282,282
17444,308,286,282
17445,308,286,282
17446,309,286,284
17447,309,286,285
17448,309,286,286
17449,309,290,284
17450,309,286,284
17451,308,282,284
17452,309,282,284
17453,309,282,284
17454,309,286,284
17455,309,286,286
17456,309,286,286
17457,308,286,284
17458,309,286,284
17459,308,286,282
17460,309,282,282
17461,309,282,284
17462,309,284,285
17463,309,286,284
17464,309,286,284
17465,309,286,284
17466,309,282,284
17467,308,286,284
17468,309,286,284
17469,309,286,284
17470,309,286,286
17471,308,286,286
17472,309,286,284
17473,309,282,282
17474,309,282,282
17475,309,286,284
17476,309,290,285
17477,309,290,287
17478,309,286,286
17479,309,282,286
17480,309,282,282
17481,309,282,281
17482,310,284,282
17483,309,286,284
17484,309,286,285
17485,308,286,286
17486,309,286,286
17487,309,286,284
17488,309,282,282
17489,308,284,282
17490,309,282,282
17491,309,282,284
17492,309,286,285
17493,311,286,285
17494,309,290,285
17495,309,286,284
17496,308,282,282
17497,309,282,282
17498,309,282,282
17499,308,286,284
17500,309,286,284
17501,309,286,285
17502,308,286,284
17503,309,286,284
17504,309,286,284
17505,309,282,282
17506,308,282,284
17507,309,286,284
17508,309,286,285
17509,309,286,286
17510,309,286,284
17511,309,286,282
17512,309,286,282
17513,309,286,282
17514,308,286,282
17515,309,282,284
17516,309,286,286
17517,309,286,286
17518,309,286,284
17519,308,286,284
17520,309,286,282
17521,308,286,284
17522,309,284,284
17523,309,286,284
17524,309,286,286
17525,309,287,284
17526,309,286,282
17527,309,282,282
17528,309,282,282
17529,309,282,284
17530,309,287,284
17531,309,290,286
17532,308,290,284
17533,309,286,284
17534,309,282,282
17535,309,282,282
17536,309,282,284
17537,309,284,285
17538,309,286,286
17539,309,290,286
17540,309,286,284
17541,309,286,281
17542,310,281,280
17543,309,284,282
17544,308,285,285
17545,309,284,286
17546,308,281,286
17547,309,284,284
17548,309,285,284
17549,308,285,282
17550,309,285,282
17551,309,281,284
17552,309,285,286
17553,310,284,286
17554,309,281,284
17555,308,281,282
17556,309,285,281
17557,309,285,282
17558,309,284,284
17559,309,281,287
17560,309,281,287
17561,309,286,286
17562,309,287,282
17563,309,286,281
17564,309,282,281
17565,308,282,282
17566,309,286,284
17567,309,286,286
17568,309,286,286
17569,309,286,286
17570,308,286,284
17571,309,286,282
17572,309,282,281
17573,309,282,282
17574,309,286,284
17575,309,286,286
17576,309,286,286
17577,309,286,284
17578,309,286,284
17579,309,286,282
17580,308,282,282
17581,309,282,284
17582,308,284,286
17583,310,287,286
17584,309,290,284
17585,308,285,284
17586,309,284,284
17587,309,284,284
17588,309,285,284
17589,309,286,284
17590,309,284,284
17591,309,283,286
17592,309,285,284
17593,309,285,284
17594,309,284,284
17595,308,284,284
17596,309,284,284
17597,309,285,284
17598,309,285,284
17599,309,286,284
17600,309,284,286
17601,309,286,284
17602,310,284,284
17603,309,286,284
17604,309,284,284
17605,309,285,285
17606,309,285,286
17607,309,285,286
17608,309,284,282
17609,309,282,284
17610,309,284,282
17611,309,284,284
17612,309,284,285
17613,310,288,286
17614,309,287,286
17615,309,287,284
17616,309,284,282
17617,309,281,281
17618,309,281,284
17619,308,286,284
17620,309,287,286
17621,309,285,286
17622,308,284,285
17623,308,284,284
17624,309,285,282
17625,309,287,282
17626,309,285,284
17627,309,284,286
17628,309,284,286
17629,308,284,284
17630,309,281,284
17631,308,284,282
17632,309,285,284
17633,309,287,284
17634,309,287,286
17635,308,284,285
17636,309,280,285
17637,309,281,284
17638,309,284,282
17639,309,284,284
17640,308,286,286
17641,309,286,288
17642,309,286,288
17643,310,285,285
17644,309,282,280
17645,309,281,280
17646,309,286,281
17647,309,285,284
17648,309,286,287
17649,309,285,289
17650,309,285,288
17651,309,284,284
17652,309,282,281
17653,309,282,279
17654,309,283,282
17655,309,286,286
17656,309,287,288
17657,309,285,289
17658,309,284,286
17659,309,284,284
17660,308,281,280
17661,309,281,280
17662,310,284,281
17663,308,285,286
17664,309,289,290
17665,309,289,288
17666,308,285,286
17667,308,281,282
17668,309,281,280
17669,309,281,280
17670,309,284,284
17671,309,287,286
17672,309,287,288
17673,310,289,288
17674,308,285,286
17675,308,280,280
17676,308,279,280
17677,309,281,280
17678,309,285,284
17679,309,287,288
17680,308,287,288
17681,309,285,286
17682,309,284,284
17683,309,282,282
17684,309,280,281
17685,309,282,284
17686,309,285,285
17687,309,287,286
17688,309,285,287
17689,309,285,286
17690,309,284,282
17691,308,284,282
17692,309,284,284
17693,310,281,284
17694,309,284,286
17695,309,287,286
17696,309,287,284
17697,309,285,284
17698,309,284,284
17699,309,282,284
17700,309,284,284
17701,309,285,284
17702,309,284,284
17703,308,284,283
17704,309,286,284
17705,309,286,284
17706,308,284,286
17707,308,284,287
17708,309,284,288
17709,309,284,284
17710,309,285,284
17711,308,284,282
17712,309,284,284
17713,309,286,284
17714,309,286,286
17715,308,284,286
17716,309,282,286
17717,308,282,284
17718,309,285,284
17719,308,286,282
17720,309,284,282
17721,308,284,286
17722,310,284,287
17723,309,284,286
17724,309,284,284
17725,308,284,284
17726,309,284,284
17727,308,285,284
17728,309,285,284
17729,309,284,284
17730,308,284,285
17731,309,284,284
17732,309,284,284
17733,311,284,283
17734,308,284,284
17735,309,285,286
17736,309,285,286
17737,309,285,285
17738,309,282,282
17739,309,281,284
17740,309,284,284
17741,309,286,284
17742,309,286,284
17743,309,286,284
17744,309,284,284
17745,309,284,284
17746,309,284,284
17747,309,284,284
17748,309,284,284
17749,309,285,286
17750,308,284,284
17751,309,281,284
17752,308,284,284
17753,310,286,284
17754,309,287,286
17755,309,285,286
17756,309,282,284
17757,309,281,282
17758,309,285,284
17759,308,285,284
17760,309,285,285
17761,309,285,286
17762,309,286,286
17763,310,285,284
17764,308,284,284
17765,309,282,282
17766,309,282,284
17767,308,286,285
17768,308,285,286
17769,309,284,288
17770,309,284,286
17771,308,285,284
17772,309,284,282
17773,310,281,282
17774,309,281,284
17775,309,284,286
17776,309,289,288
17777,309,287,288
17778,309,284,286
17779,309,281,284
17780,309,281,280
17781,309,284,281
17782,310,284,284
17783,309,286,289
17784,309,287,290
17785,309,287,287
17786,309,285,282
17787,309,281,279
17788,308,281,279
17789,309,284,282
17790,308,287,284
17791,309,286,290
17792,308,285,290
17793,310,284,286
17794,308,284,282
17795,309,284,280
17796,309,281,280
17797,309,281,284
17798,309,285,286
17799,309,287,286
17800,309,286,286
17801,309,285,284
17802,309,284,282
17803,309,284,281
17804,309,283,282
17805,309,281,284
17806,309,284,288
17807,309,287,288
17808,309,289,286
17809,309,285,284
17810,309,284,282
17811,308,281,281
17812,308,282,282
17813,309,284,284
17814,309,284,284
17815,309,285,287
17816,309,287,286
17817,309,286,285
17818,310,284,284
17819,309,281,282
17820,309,281,282
17821,308,284,284
17822,309,286,285
17823,310,286,284
17824,309,285,285
17825,309,285,284
17826,309,284,282
17827,309,280,282
17828,310,281,284
17829,309,285,285
17830,309,287,286
17831,309,287,286
17832,309,284,282
17833,310,282,282
17834,309,284,282
17835,309,285,284
17836,309,284,284
17837,309,285,284
17838,309,287,284
17839,309,287,284
17840,309,284,284
17841,309,281,282
17842,310,279,284
17843,309,284,284
17844,309,285,284
17845,309,287,284
17846,309,289,284
17847,309,287,284
17848,308,284,282
17849,309,281,284
17850,309,280,284
17851,309,281,284
17852,309,287,285
17853,311,288,285
17854,309,284,286
17855,309,281,284
17856,309,284,282
17857,309,285,282
17858,309,285,284
17859,309,285,284
17860,308,282,284
17861,309,284,284
17862,309,284,284
17863,309,282,284
17864,309,284,284
17865,309,284,284
17866,309,285,284
17867,309,285,284
17868,309,284,282
17869,309,284,282
17870,309,285,284
17871,309,285,284
17872,309,284,286
17873,310,282,285
17874,309,284,284
17875,309,285,282
17876,309,285,282
17877,308,284,282
17878,309,284,284
17879,309,286,286
17880,309,286,286
17881,309,284,286
17882,309,282,284
17883,309,282,281
17884,309,284,280
17885,309,284,282
17886,308,285,284
17887,309,285,286
17888,309,287,286
17889,308,286,285
17890,309,281,284
17891,309,280,282
17892,309,281,282
17893,308,285,284
17894,309,287,286
17895,308,287,286
17896,309,285,286
17897,309,286,284
17898,309,285,282
17899,309,281,280
17900,309,281,282
17901,309,284,284
17902,310,286,286
17903,310,287,286
17904,309,286,285
17905,309,285,284
17906,309,284,284
17907,309,284,282
17908,309,281,282
17909,308,284,284
17910,309,287,286
17911,309,287,286
17912,308,285,284
17913,311,284,282
17914,308,280,282
17915,309,284,282
17916,309,285,284
17917,308,285,286
17918,310,285,288
17919,309,286,285
17920,308,285,282
17921,309,284,280
17922,309,282,284
17923,309,284,286
17924,309,285,286
17925,309,287,286
17926,308,285,284
17927,309,284,284
17928,309,285,282
17929,309,285,282
17930,308,284,284
17931,308,284,287
17932,308,284,288
17933,310,285,286
17934,309,285,284
17935,309,284,279
17936,309,284,280
17937,309,286,282
17938,309,286,286
17939,308,285,287
17940,309,286,288
17941,309,284,285
17942,309,284,282
17943,308,283,280
17944,308,282,280
17945,309,284,286
17946,309,287,288
17947,309,287,288
17948,310,284,285
17949,308,281,282
17950,308,281,279
17951,308,284,280
17952,309,285,284
17953,309,287,286
17954,309,287,289
17955,309,287,288
17956,309,285,284
17957,308,280,282
17958,308,280,279
17959,308,282,281
17960,309,286,284
17961,309,290,288
17962,310,290,288
17963,308,286,286
17964,309,284,284
17965,308,282,280
17966,308,280,280
17967,308,282,284
17968,309,287,287
17969,309,290,290
17970,309,287,290
17971,308,284,284
17972,308,282,280
17973,310,281,279
17974,308,284,282
17975,309,284,285
17976,309,286,290
17977,308,287,289
17978,309,287,286
17979,308,284,282
17980,308,281,278
17981,309,280,279
17982,308,285,284
17983,309,287,288
17984,309,287,290
17985,309,287,288
17986,309,284,282
17987,308,282,278
17988,309,280,278
17989,309,281,282
17990,309,284,288
17991,309,290,292
17992,309,290,290
17993,308,285,286
17994,308,279,278
17995,309,280,276
17996,308,282,278
17997,308,286,286
17998,308,287,290
17999,309,287,292
18000,309,287,288
18001,309,286,282
18002,308,278,276
18003,308,277,278
18004,309,282,282
18005,308,287,288
18006,309,290,290
18007,308,287,288
18008,309,284,284
18009,308,282,281
18010,309,282,279
18011,308,282,280
18012,309,285,286
18013,309,287,290
18014,309,287,292
18015,308,284,286
18016,308,283,280
18017,308,282,278
18018,309,286,281
18019,309,286,284
18020,309,285,288
18021,309,285,290
18022,310,286,287
18023,309,285,284
18024,309,282,280
18025,309,281,280
18026,308,282,284
18027,308,286,286
18028,309,289,288
18029,309,287,286
18030,309,285,282
18031,309,284,280
18032,308,282,280
18033,310,280,282
18034,309,282,286
18035,309,286,287
18036,309,290,286
18037,308,289,286
18038,309,284,282
18039,308,282,282
18040,308,284,282
18041,308,285,284
18042,309,284,286
18043,309,283,286
18044,308,284,284
18045,308,286,284
18046,308,287,284
18047,308,286,282
18048,308,286,286
18049,309,286,286
18050,309,283,286
18051,308,280,284
18052,308,280,284
18053,308,284,284
18054,308,290,284
18055,309,290,284
18056,308,286,286
18057,309,282,286
18058,308,282,285
18059,308,283,282
18060,308,282,282
18061,308,284,284
18062,308,286,286
18063,308,287,286
18064,309,285,286
18065,309,282,284
18066,309,282,284
18067,309,286,284
18068,309,287,284
18069,309,286,285
18070,308,284,288
18071,309,282,287
18072,308,283,284
18073,309,285,282
18074,309,286,284
18075,309,286,286
18076,309,287,286
18077,309,286,284
18078,309,283,284
18079,308,282,284
18080,309,283,284
18081,309,286,284
18082,310,286,284
18083,310,286,284
18084,308,284,285
18085,309,286,286
18086,308,284,285
18087,308,282,284
18088,310,283,284
18089,308,284,284
18090,308,286,284
18091,308,286,284
18092,309,286,284
18093,310,284,286
18094,309,286,286
18095,309,286,284
18096,308,283,284
18097,308,283,282
18098,309,284,282
18099,308,286,284
18100,309,286,286
18101,309,286,286
18102,309,284,286
18103,308,286,284
18104,308,284,282
18105,308,282,282
18106,308,282,284
18107,308,286,284
18108,308,287,286
18109,308,287,288
18110,308,284,286
18111,309,282,284
18112,308,283,284
18113,309,284,282
18114,309,284,282
18115,309,286,284
18116,309,287,286
18117,308,287,288
18118,308,284,286
18119,308,283,284
18120,309,280,282
18121,308,284,282
18122,309,286,282
18123,309,286,284
18124,309,286,288
18125,309,286,288
18126,309,284,286
18127,309,282,284
18128,308,282,280
18129,308,283,281
18130,308,286,284
18131,309,287,287
18132,309,286,288
18133,308,284,288
18134,308,284,284
18135,308,284,282
18136,308,282,280
18137,308,283,280
18138,308,284,284
18139,308,286,288
18140,309,287,288
18141,309,286,285
18142,310,284,284
18143,308,284,282
18144,309,282,282
18145,309,282,283
18146,309,284,286
18147,308,287,286
18148,309,290,288
18149,309,287,286
18150,308,283,282
18151,308,281,281
18152,308,282,282
18153,310,284,284
18154,308,286,286
18155,308,286,286
18156,309,286,286
18157,309,286,284
18158,308,284,284
18159,309,282,282
18160,308,282,282
18161,308,286,284
18162,309,286,286
18163,308,284,287
18164,309,284,285
18165,309,286,282
18166,309,286,282
18167,308,286,282
18168,308,284,282
18169,309,283,284
18170,308,285,286
18171,308,286,286
18172,308,284,285
18173,309,284,284
18174,308,286,282
18175,309,286,282
18176,309,286,282
18177,308,284,284
18178,308,284,286
18179,309,286,286
18180,309,284,284
18181,309,282,284
18182,309,281,284
18183,308,284,284
18184,309,286,284
18185,308,287,286
18186,309,285,286
18187,309,281,284
18188,308,281,282
18189,309,280,281
18190,309,281,284
18191,309,284,286
18192,309,288,288
18193,308,289,288
18194,309,286,286
18195,308,280,284
18196,309,277,282
18197,308,280,282
18198,308,284,284
18199,309,286,286
18200,309,286,288
18201,309,288,285
18202,310,286,284
18203,309,283,282
18204,309,282,282
18205,309,280,284
18206,309,284,286
18207,309,286,286
18208,309,286,286
18209,309,286,284
18210,309,286,282
18211,309,284,281
18212,309,283,282
18213,311,281,286
18214,309,282,288
18215,309,286,288
18216,309,286,284
18217,309,284,281
18218,308,284,280
18219,309,285,284
18220,309,286,286
18221,309,286,288
18222,309,285,288
18223,308,282,285
18224,308,283,282
18225,309,282,280
18226,309,282,282
18227,308,285,284
18228,308,288,287
18229,309,290,288
18230,309,286,288
18231,309,280,284
18232,308,278,281
18233,308,280,281
18234,309,284,282
18235,308,286,284
18236,309,290,288
18237,309,290,288
18238,310,286,286
18239,309,281,284
18240,308,280,280
18241,308,280,280
18242,308,284,282
18243,308,286,285
18244,309,286,288
18245,309,286,288
18246,308,286,285
18247,308,286,282
18248,308,282,282
18249,309,282,282
18250,309,282,284
18251,309,284,285
18252,309,286,286
18253,308,285,284
18254,309,286,284
18255,308,286,282
18256,308,284,282
18257,308,282,284
18258,308,283,284
18259,309,286,286
18260,309,286,286
18261,309,286,286
18262,310,282,281
18263,309,282,280
18264,309,284,282
18265,309,286,285
18266,309,286,286
18267,309,286,286
18268,309,284,284
18269,309,282,282
18270,309,280,282
18271,309,280,282
18272,309,286,284
18273,311,289,286
18274,309,290,287
18275,309,284,285
18276,309,280,282
18277,308,280,280
18278,309,282,280
18279,309,287,284
18280,308,287,287
18281,309,287,289
18282,309,286,286
18283,308,283,282
18284,309,282,280
18285,308,282,280
18286,309,284,284
18287,309,286,286
18288,308,286,288
18289,309,286,286
18290,309,284,284
18291,309,286,281
18292,309,284,281
18293,308,279,284
18294,309,282,284
18295,309,284,286
18296,309,287,286
18297,309,287,286
18298,308,286,284
18299,309,282,284
18300,309,283,282
18301,308,282,282
18302,308,282,284
18303,309,284,286
18304,309,286,286
18305,308,286,284
18306,309,286,282
18307,309,284,280
18308,308,280,284
18309,309,282,286
18310,309,284,286
18311,309,286,286
18312,309,286,284
18313,308,286,282
18314,309,286,282
18315,309,286,284
18316,309,282,284
18317,309,282,284
18318,309,284,284
18319,308,286,284
18320,309,286,284
18321,309,286,284
18322,310,286,284
18323,309,284,284
18324,309,284,284
18325,309,282,284
18326,309,282,284
18327,309,286,284
18328,308,286,284
18329,309,286,284
18330,308,284,284
18331,309,282,284
18332,309,282,284
18333,311,286,285
18334,308,286,284
18335,309,286,284
18336,309,286,284
18337,308,284,282
18338,308,282,282
18339,308,282,284
18340,309,284,286
18341,309,286,286
18342,308,286,285
18343,308,286,284
18344,309,284,284
18345,308,286,284
18346,308,285,284
18347,308,284,284
18348,308,282,286
18349,309,285,286
18350,308,286,284
18351,309,285,284
18352,308,284,282
18353,308,282,284
18354,309,285,286
18355,308,286,286
18356,309,284,284
18357,308,282,284
18358,308,284,284
18359,309,286,284
18360,308,286,285
18361,308,286,286
18362,308,284,286
18363,308,284,285
18364,309,284,284
18365,309,282,280
18366,309,282,282
18367,309,286,284
18368,308,287,288
18369,309,286,288
18370,309,282,286
18371,308,279,282
18372,308,282,280
18373,309,286,282
18374,308,286,282
18375,309,286,286
18376,309,286,288
18377,309,286,286
18378,308,282,282
18379,309,282,280
18380,309,282,281
18381,309,286,284
18382,310,287,285
18383,310,286,286
18384,309,286,286
18385,309,286,284
18386,310,286,282
18387,309,282,280
18388,310,282,282
18389,308,284,284
18390,309,286,286
18391,309,286,288
18392,309,286,286
18393,310,286,284
18394,308,284,281
18395,308,282,281
18396,309,282,284
18397,309,284,286
18398,308,286,287
18399,309,286,286
18400,309,286,284
18401,309,282,280
18402,309,281,282
18403,309,284,284
18404,309,286,286
18405,309,286,288
18406,309,284,286
18407,308,282,284
18408,308,282,282
18409,309,284,282
18410,309,284,282
18411,309,286,286
18412,309,286,286
18413,308,286,286
18414,309,282,284
18415,308,279,282
18416,308,284,281
18417,308,286,284
18418,308,287,284
18419,309,286,286
18420,309,282,286
18421,309,282,286
18422,309,284,284
18423,308,284,284
18424,309,286,284
18425,309,286,284
18426,309,286,284
18427,308,284,285
18428,308,282,284
18429,309,284,284
18430,308,286,284
18431,309,286,284
18432,309,282,286
18433,308,279,286
18434,309,282,286
18435,309,286,284
18436,309,287,284
18437,309,286,282
18438,309,284,284
18439,309,282,286
18440,309,282,285
18441,309,282,285
18442,310,284,284
18443,308,286,284
18444,309,286,284
18445,308,286,284
18446,309,284,284
18447,309,284,284
18448,308,286,285
18449,309,286,284
18450,308,284,284
18451,309,282,284
18452,308,284,284
18453,310,286,284
18454,309,286,286
18455,309,286,286
18456,309,282,286
18457,309,286,284
18458,309,286,282
18459,309,284,282
18460,309,286,284
18461,309,286,286
18462,308,286,286
18463,309,284,286
18464,309,282,284
18465,309,282,284
18466,309,286,284
18467,309,287,284
18468,308,286,284
18469,309,284,286
18470,309,282,286
18471,309,282,284
18472,309,282,284
18473,308,286,284
18474,309,286,284
18475,309,286,285
18476,309,286,284
18477,309,282,284
18478,308,282,286
18479,308,286,284
18480,309,287,284
18481,309,286,284
18482,308,284,284
18483,308,282,284
18484,309,284,284
18485,309,286,284
18486,309,286,284
18487,309,286,285
18488,308,286,284
18489,309,286,284
18490,309,282,284
18491,309,282,284
18492,309,282,286
18493,308,286,286
18494,308,287,286
18495,309,286,284
18496,308,284,284
18497,309,286,282
18498,308,286,284
18499,309,284,285
18500,309,286,286
18501,309,286,286
18502,310,285,285
18503,308,284,284
18504,309,282,281
18505,308,284,284
18506,309,286,284
18507,309,286,286
18508,309,284,288
18509,309,280,286
18510,309,281,284
18511,309,284,282
18512,309,286,282
18513,310,284,281
18514,308,284,285
18515,308,284,288
18516,309,284,288
18517,308,281,286
18518,308,280,284
18519,309,282,282
18520,309,284,280
18521,309,286,281
18522,309,284,284
18523,309,286,288
18524,309,286,288
18525,309,286,286
18526,309,282,284
18527,309,279,282
18528,308,282,282
18529,309,286,284
18530,309,286,286
18531,309,287,286
18532,309,286,287
18533,308,286,284
18534,309,282,282
18535,309,279,282
18536,309,282,284
18537,309,286,285
18538,308,286,286
18539,309,286,288
18540,309,286,286
18541,309,282,284
18542,309,286,282
18543,308,286,282
18544,308,284,284
18545,309,282,286
18546,309,284,286
18547,309,286,284
18548,308,286,284
18549,309,286,284
18550,309,286,285
18551,309,286,286
18552,309,284,284
18553,308,279,284
18554,309,282,284
18555,309,286,283
18556,309,287,282
18557,309,287,284
18558,308,286,284
18559,309,282,286
18560,309,282,285
18561,309,284,284
18562,310,284,284
18563,308,286,284
18564,309,286,284
18565,309,286,284
18566,309,282,284
18567,309,282,284
18568,308,282,285
18569,308,286,284
18570,308,286,282
18571,309,284,284
18572,309,282,284
18573,310,284,284
18574,309,286,286
18575,309,284,286
18576,309,284,284
18577,309,284,284
18578,309,286,282
18579,309,286,282
18580,308,284,284
18581,309,284,286
18582,309,284,286
18583,308,286,284
18584,309,284,282
18585,309,284,282
18586,308,284,284
18587,308,287,285
18588,308,287,284
18589,308,286,284
18590,309,284,284
18591,309,282,284
18592,309,282,284
18593,309,282,284
18594,309,286,284
18595,309,286,284
18596,309,286,286
18597,309,286,284
18598,308,282,282
18599,309,282,282
18600,309,286,284
18601,309,286,284
18602,309,284,284
18603,308,284,284
18604,309,282,284
18605,308,284,285
18606,309,286,284
18607,308,286,282
18608,308,286,284
18609,309,286,284
18610,309,286,284
18611,309,282,284
18612,309,282,282
18613,308,284,284
18614,309,286,284
18615,308,286,285
18616,309,286,284
18617,309,284,284
18618,308,286,284
18619,309,286,284
18620,309,286,284
18621,308,284,284
18622,310,282,284
18623,308,284,284
18624,309,286,284
18625,309,286,284
18626,309,286,284
18627,308,286,284
18628,308,286,284
18629,309,282,284
18630,309,282,284
18631,309,284,282
18632,309,286,284
18633,310,290,284
18634,309,284,284
18635,308,282,285
18636,309,284,285
18637,309,286,284
18638,308,286,284
18639,309,286,284
18640,308,286,284
18641,308,284,284
18642,308,284,284
18643,308,284,284
18644,309,284,286
18645,309,287,284
18646,309,286,284
18647,309,282,282
18648,309,279,282
18649,309,282,284
18650,309,286,284
18651,309,287,286
18652,308,286,285
18653,308,284,284
18654,309,284,282
18655,309,282,280
18656,309,282,282
18657,309,284,284
18658,309,286,286
18659,309,286,286
18660,309,286,286
18661,309,282,284
18662,309,280,282
18663,309,284,281
18664,308,284,280
18665,308,284,282
18666,309,285,286
18667,308,286,287
18668,308,286,285
18669,309,284,282
18670,309,282,279
18671,309,280,279
18672,308,284,282
18673,308,285,284
18674,309,285,288
18675,309,285,288
18676,309,286,285
18677,309,284,280
18678,308,281,278
18679,308,280,279
18680,309,280,284
18681,309,288,287
18682,310,290,286
18683,308,287,286
18684,309,284,282
18685,308,282,280
18686,309,281,280
18687,309,282,284
18688,309,284,286
18689,309,286,287
18690,309,287,285
18691,308,286,282
18692,308,282,280
18693,310,281,282
18694,309,286,284
18695,309,287,286
18696,308,287,287
18697,308,283,286
18698,308,282,284
18699,309,284,281
18700,308,286,281
18701,309,286,282
18702,309,286,288
18703,309,286,288
18704,309,284,285
18705,308,282,281
18706,309,282,280
18707,308,282,281
18708,308,287,284
18709,309,287,286
18710,309,286,288
18711,309,284,288
18712,309,284,284
18713,309,284,279
18714,308,282,278
18715,308,284,282
18716,309,284,287
18717,309,287,290
18718,308,287,288
18719,309,284,286
18720,309,282,282
18721,309,282,278
18722,309,284,279
18723,308,284,284
18724,309,286,288
18725,309,286,290
18726,309,286,288
18727,309,286,284
18728,308,284,277
18729,308,282,280
18730,309,284,284
18731,309,284,288
18732,309,284,289
18733,309,286,286
18734,309,286,284
18735,308,286,282
18736,309,284,280
18737,309,282,280
18738,308,282,285
18739,308,286,286
18740,308,287,287
18741,308,286,284
18742,310,284,282
18743,308,282,282
18744,308,284,284
18745,309,284,285
18746,309,284,286
18747,309,284,287
18748,309,286,284
18749,308,286,280
18750,309,284,280
18751,309,284,282
18752,309,286,286
18753,310,288,288
18754,309,286,288
18755,309,284,284
18756,309,279,282
18757,309,284,280
18758,309,284,281
18759,308,287,286
18760,308,287,288
18761,309,287,288
18762,309,284,284
18763,309,282,282
18764,309,279,280
18765,308,279,282
18766,308,287,284
18767,309,290,288
18768,308,287,288
18769,309,284,287
18770,308,282,284
18771,308,279,282
18772,309,282,280
18773,308,284,280
18774,309,286,284
18775,309,287,288
18776,309,287,288
18777,309,284,286
18778,309,282,284
18779,309,282,280
18780,309,282,280
18781,309,282,284
18782,309,285,287
18783,309,286,288
18784,309,287,288
18785,309,286,284
18786,308,282,281
18787,308,279,281
18788,308,282,284
18789,309,286,286
18790,309,286,288
18791,308,286,288
18792,309,284,284
18793,309,284,281
18794,309,282,280
18795,309,282,282
18796,309,282,286
18797,309,286,288
18798,309,287,288
18799,309,286,287
18800,309,284,284
18801,309,282,280
18802,310,284,280
18803,308,286,284
18804,309,284,288
18805,309,284,290
18806,309,286,286
18807,309,286,284
18808,308,284,280
18809,309,282,281
18810,308,282,284
18811,309,284,286
18812,309,286,288
18813,310,285,288
18814,308,285,286
18815,308,286,284
18816,309,284,280
18817,308,284,282
18818,309,284,284
18819,309,284,286
18820,309,286,287
18821,309,286,286
18822,309,284,284
18823,308,279,284
18824,308,286,282
18825,309,288,284
18826,309,287,286
18827,308,286,286
18828,308,284,287
18829,308,286,286
18830,309,286,284
18831,308,284,282
18832,308,284,284
18833,308,286,284
18834,308,288,284
18835,308,288,285
18836,308,286,286
18837,309,286,287
18838,309,285,286
18839,309,284,284
18840,308,282,282
18841,309,282,284
18842,309,286,284
18843,309,287,284
18844,309,286,286
18845,308,284,286
18846,309,282,286
18847,309,282,284
18848,309,282,282
18849,309,284,281
18850,308,284,284
18851,309,286,286
18852,309,287,286
18853,309,286,286
18854,309,282,285
18855,308,282,284
18856,309,282,284
18857,309,284,282
18858,309,284,282
18859,309,286,284
18860,309,286,286
18861,309,286,286
18862,310,282,285
18863,309,282,284
18864,309,282,284
18865,309,285,284
18866,309,286,284
18867,309,286,284
18868,309,284,287
18869,308,284,287
18870,309,284,284
18871,309,282,284
18872,309,284,282
18873,310,285,284
18874,308,286,286
18875,309,286,286
18876,309,284,284
18877,309,282,284
18878,308,284,284
18879,309,284,284
18880,309,284,286
18881,309,284,286
18882,309,286,286
18883,308,286,284
18884,308,284,282
18885,309,282,281
18886,309,282,284
18887,309,286,285
18888,309,287,286
18889,309,284,288
18890,308,282,286
18891,309,282,284
18892,309,284,282
18893,309,284,282
18894,308,284,284
18895,309,284,286
18896,308,287,286
18897,308,287,284
18898,309,283,284
18899,308,279,284
18900,309,282,284
18901,309,284,284
18902,309,285,284
18903,309,286,284
18904,308,284,286
18905,309,286,284
18906,309,284,284
18907,309,282,284
18908,308,281,285
18909,308,284,286
18910,309,286,285
18911,309,284,284
18912,309,284,284
18913,309,282,284
18914,309,286,284
18915,309,286,284
18916,309,284,285
18917,309,284,286
18918,309,284,284
18919,309,284,282
18920,308,284,282
18921,309,282,284
18922,310,282,286
18923,309,284,286
18924,309,286,284
18925,309,284,284
18926,309,284,282
18927,309,285,284
18928,308,285,284
18929,309,284,284
18930,309,282,284
18931,309,282,286
18932,308,284,286
18933,310,285,284
18934,309,284,282
18935,308,284,284
18936,309,284,286
18937,309,284,286
18938,309,282,286
18939,309,282,284
18940,308,282,282
18941,309,286,282
18942,309,288,284
18943,309,284,284
18944,309,284,286
18945,308,284,286
18946,309,282,286
18947,308,279,284
18948,308,279,282
18949,309,284,282
18950,309,286,285
18951,309,288,286
18952,309,286,284
18953,309,284,284
18954,308,282,284
18955,309,281,282
18956,309,279,282
18957,309,284,284
18958,308,286,286
18959,309,287,286
18960,309,286,286
18961,309,284,284
18962,308,282,283
18963,308,282,282
18964,309,282,284
18965,309,282,284
18966,308,284,285
18967,309,286,284
18968,308,286,284
18969,309,286,284
18970,309,282,282
18971,308,279,284
18972,309,283,284
18973,309,284,286
18974,309,284,286
18975,308,284,285
18976,309,284,284
18977,309,284,282
18978,308,284,284
18979,309,284,284
18980,309,286,285
18981,309,286,284
18982,310,284,284
18983,309,280,284
18984,308,280,282
18985,308,284,282
18986,309,288,284
18987,309,290,284
18988,308,286,284
18989,308,284,284
18990,308,284,284
18991,309,282,282
18992,308,282,282
18993,308,284,282
18994,308,285,282
18995,309,286,284
18996,309,288,285
18997,309,286,285
18998,309,284,285
18999,309,284,282
19000,308,282,280
19001,309,280,282
19002,308,282,284
19003,309,287,285
19004,309,290,286
19005,308,287,286
19006,309,282,284
19007,309,278,282
19008,308,279,280
19009,309,286,282
19010,308,286,284
19011,309,287,288
19012,308,286,288
19013,309,286,286
19014,309,282,282
19015,309,278,279
19016,309,279,280
19017,309,286,282
19018,308,287,284
19019,309,286,289
19020,309,286,290
19021,309,284,288
19022,309,282,282
19023,308,279,280
19024,308,282,278
19025,308,282,282
19026,309,286,286
19027,309,289,290
19028,309,286,290
19029,308,284,286
19030,308,282,281
19031,310,282,278
19032,309,279,280
19033,309,284,282
19034,309,286,288
19035,309,292,290
19036,309,292,288
19037,309,284,282
19038,309,279,279
19039,309,278,279
19040,309,279,282
19041,309,284,284
19042,309,288,288
19043,309,290,290
19044,309,290,288
19045,308,284,282
19046,308,278,279
19047,309,278,280
19048,309,282,282
19049,309,286,284
19050,309,286,288
19051,309,286,288
19052,309,284,286
19053,309,286,282
19054,308,284,280
19055,309,279,281
19056,308,282,284
19057,309,284,286
19058,309,286,286
19059,309,286,286
19060,309,286,284
19061,309,284,282
19062,309,284,282
19063,309,284,282
19064,309,282,282
19065,308,284,286
19066,309,286,286
19067,309,286,286
19068,309,284,284
19069,309,284,282
19070,309,282,282
19071,309,284,284
19072,309,286,284
19073,309,284,286
19074,309,284,286
19075,309,286,285
19076,309,286,282
19077,309,284,282
19078,308,282,282
19079,309,284,284
19080,308,286,284
19081,308,286,285
19082,308,285,284
19083,308,284,286
19084,309,284,284
19085,308,284,282
19086,309,284,282
19087,309,284,284
19088,309,286,284
19089,308,286,284
19090,309,286,284
19091,310,282,282
19092,309,279,284
19093,308,284,284
19094,309,286,284
19095,309,284,284
19096,309,286,284
19097,309,286,284
19098,308,286,285
19099,309,284,284
19100,309,282,282
19101,309,279,284
19102,309,284,284
19103,309,286,284
19104,309,286,284
19105,308,286,284
19106,309,286,284
19107,309,284,284
19108,308,284,284
19109,309,282,282
19110,309,282,284
19111,308,286,284
19112,309,286,284
19113,309,286,284
19114,308,284,284
19115,308,286,286
19116,309,284,286
19117,309,284,285
19118,309,284,282
19119,309,284,282
19120,309,286,284
19121,309,286,284
19122,309,284,285
19123,308,284,286
19124,309,286,286
19125,309,286,284
19126,309,286,284
19127,309,284,282
19128,308,278,284
19129,309,282,285
19130,309,286,286
19131,309,286,286
19132,309,286,286
19133,308,286,285
19134,309,284,284
19135,308,279,282
19136,309,278,281
19137,309,282,284
19138,309,286,286
19139,309,286,288
19140,309,284,286
19141,309,282,284
19142,309,282,284
19143,308,285,282
19144,309,286,284
19145,309,286,285
19146,309,285,286
19147,309,286,286
19148,309,286,284
19149,309,284,282
19150,309,285,282
19151,310,287,284
19152,309,286,286
19153,309,286,288
19154,309,284,286
19155,309,284,284
19156,309,287,284
19157,308,287,282
19158,308,284,284
19159,308,284,286
19160,310,286,286
19161,309,286,286
19162,309,285,286
19163,309,284,284
19164,309,282,282
19165,308,284,282
19166,309,284,284
19167,309,284,286
19168,308,284,288
19169,309,286,286
19170,308,286,284
19171,308,284,284
19172,308,282,284
19173,309,278,284
19174,308,284,284
19175,308,286,286
19176,309,286,286
19177,309,286,286
19178,309,286,284
19179,309,284,284
19180,308,284,284
19181,309,282,285
19182,309,282,286
19183,309,286,286
19184,309,286,284
19185,308,282,282
19186,309,282,284
19187,309,286,284
19188,309,286,284
19189,309,286,286
19190,309,284,286
19191,309,278,284
19192,309,279,282
19193,309,284,282
19194,309,286,284
19195,309,286,288
19196,309,286,288
19197,309,284,284
19198,308,278,282
19199,309,278,280
19200,309,279,282
19201,309,286,285
19202,309,290,288
19203,309,286,288
19204,309,282,288
19205,309,279,282
19206,309,279,280
19207,309,282,280
19208,309,284,284
19209,309,286,288
19210,309,286,289
19211,310,288,288
19212,309,279,282
19213,308,278,280
19214,309,279,278
19215,309,284,282
19216,309,286,286
19217,309,286,290
19218,309,286,288
19219,309,284,286
19220,309,279,280
19221,309,278,277
19222,309,281,280
19223,308,286,286
19224,309,286,288
19225,309,286,288
19226,309,284,286
19227,308,284,282
19228,308,282,282
19229,309,279,282
19230,308,279,284
19231,308,284,286
19232,309,286,288
19233,309,286,286
19234,309,284,285
19235,309,282,282
19236,308,282,282
19237,308,284,282
19238,308,284,284
19239,309,284,284
19240,309,284,286
19241,309,284,284
19242,309,284,284
19243,308,279,284
19244,309,279,284
19245,309,284,286
19246,309,286,286
19247,309,286,286
19248,309,284,282
19249,308,282,282
19250,308,284,282
19251,308,284,284
19252,308,284,286
19253,308,284,287
19254,309,284,285
19255,308,284,284
19256,309,284,282
19257,309,284,282
19258,309,282,284
19259,308,286,286
19260,309,284,286
19261,309,284,285
19262,308,284,284
19263,308,284,282
19264,308,284,282
19265,309,284,284
19266,309,282,285
19267,309,282,286
19268,309,284,284
19269,309,284,284
19270,308,282,284
19271,310,284,284
19272,309,286,284
19273,309,286,285
19274,309,284,286
19275,309,282,285
19276,309,278,284
19277,309,284,284
19278,309,284,284
19279,308,284,284
19280,308,284,284
19281,309,286,284
19282,309,287,285
19283,309,284,286
19284,309,278,284
19285,309,278,284
19286,309,279,282
19287,309,284,284
19288,309,286,285
19289,309,286,286
19290,308,286,286
19291,309,286,284
19292,309,279,282
19293,308,278,281
19294,309,278,282
19295,308,284,285
19296,309,286,287
19297,309,286,288
19298,308,286,286
19299,309,286,284
19300,309,284,282
19301,309,279,282
19302,309,282,282
19303,309,282,284
19304,309,285,284
19305,308,286,284
19306,309,286,284
19307,308,286,284
19308,308,286,282
19309,309,284,282
19310,309,281,282
19311,308,282,284
19312,309,284,284
19313,309,288,284
19314,309,288,284
19315,308,284,282
19316,308,282,282
19317,308,284,280
19318,309,285,282
19319,308,284,284
19320,309,284,284
19321,308,284,284
19322,309,286,284
19323,309,286,284
19324,309,284,282
19325,309,282,285
19326,309,284,285
19327,309,284,284
19328,309,284,284
19329,309,284,282
19330,309,286,282
19331,310,286,284
19332,309,286,284
19333,309,284,286
19334,309,282,286
19335,309,284,284
19336,309,282,282
19337,309,279,282
19338,309,284,284
19339,309,286,285
19340,309,286,285
19341,309,286,285
19342,308,284,284
19343,309,278,284
19344,309,279,284
19345,309,281,282
19346,309,281,284
19347,309,284,286
19348,309,285,286
19349,309,285,285
19350,308,284,284
19351,309,281,282
19352,308,279,284
19353,309,284,284
19354,309,284,284
19355,308,279,285
19356,308,281,284
19357,309,284,284
19358,308,286,284
19359,308,285,284
19360,308,284,284
19361,309,278,284
19362,309,282,284
19363,309,281,282
19364,309,281,282
19365,308,284,284
19366,309,286,284
19367,308,286,284
19368,309,284,284
19369,309,279,284
19370,309,278,284
19371,309,284,284
19372,309,286,284
19373,309,284,284
19374,309,284,284
19375,308,284,284
19376,309,285,284
19377,309,286,284
19378,309,284,284
19379,309,279,284
19380,308,281,285
19381,309,284,286
19382,309,284,286
19383,308,284,284
19384,308,284,284
19385,309,284,284
19386,309,284,284
19387,308,284,284
19388,308,281,285
19389,309,286,286
19390,309,284,286
19391,310,281,284
19392,309,279,282
19393,308,284,282
19394,308,285,284
19395,309,284,286
19396,309,284,286
19397,309,281,285
19398,309,284,284
19399,309,282,281
19400,308,279,282
19401,308,284,284
19402,309,287,286
19403,308,286,288
19404,309,284,287
19405,309,284,284
19406,309,280,282
19407,309,284,282
19408,309,284,284
19409,308,284,284
19410,308,284,286
19411,309,285,285
19412,309,285,284
19413,309,284,284
19414,308,280,284
19415,309,281,284
19416,309,284,286
19417,309,286,286
19418,309,284,284
19419,308,284,284
19420,309,284,282
19421,309,284,282
19422,309,284,284
19423,309,284,288
19424,309,284,288
19425,309,284,286
19426,309,284,282
19427,309,284,280
19428,309,284,282
19429,309,285,284
19430,309,284,286
19431,309,284,288
19432,309,281,288
19433,309,281,284
19434,309,284,281
19435,309,284,280
19436,309,284,282
19437,309,284,286
19438,309,285,288
19439,309,285,286
19440,308,284,285
19441,309,279,282
19442,309,282,280
19443,309,284,281
19444,309,284,285
19445,309,284,286
19446,309,285,288
19447,309,285,286
19448,309,284,284
19449,308,278,280
19450,309,277,282
19451,310,281,284
19452,309,287,286
19453,309,287,288
19454,309,284,284
19455,309,279,284
19456,309,279,282
19457,309,281,282
19458,308,284,284
19459,309,284,288
19460,309,285,287
19461,309,284,285
19462,309,284,282
19463,309,284,280
19464,309,280,282
19465,309,284,286
19466,309,285,286
19467,309,284,288
19468,308,284,288
19469,308,284,284
19470,308,284,280
19471,308,284,280
19472,308,282,282
19473,309,281,288
19474,309,284,290
19475,309,284,287
19476,309,284,285
19477,309,282,282
19478,308,284,281
19479,308,284,282
19480,309,284,286
19481,309,284,286
19482,309,284,286
19483,308,284,284
19484,309,284,282
19485,308,284,280
19486,308,281,282
19487,308,284,285
19488,309,284,288
19489,309,284,288
19490,309,284,284
19491,309,279,281
19492,309,284,281
19493,309,284,284
19494,308,284,285
19495,308,284,288
19496,309,284,286
19497,309,284,284
19498,308,279,282
19499,309,279,280
19500,309,279,282
19501,309,285,286
19502,309,287,288
19503,309,284,288
19504,309,284,284
19505,308,284,280
19506,309,284,280
19507,308,281,282
19508,309,284,286
19509,308,284,290
19510,308,284,290
19511,310,284,284
19512,309,280,280
19513,309,279,278
19514,309,284,280
19515,309,285,284
19516,309,284,288
19517,309,284,290
19518,309,279,288
19519,309,279,284
19520,308,279,280
19521,308,280,279
19522,308,284,284
19523,309,287,288
19524,309,287,290
19525,309,284,290
19526,309,279,284
19527,309,277,280
19528,308,279,278
19529,308,284,281
19530,309,284,284
19531,309,285,289
19532,309,287,290
19533,309,285,288
19534,309,279,282
19535,309,278,280
19536,308,279,278
19537,308,284,282
19538,309,286,284
19539,309,285,288
19540,309,284,288
19541,309,284,286
19542,309,284,282
19543,309,279,280
19544,308,279,281
19545,309,279,284
19546,309,285,287
19547,309,287,288
19548,309,285,286
19549,309,284,284
19550,309,284,282
19551,308,280,280
19552,308,279,281
19553,309,284,284
19554,309,284,288
19555,308,286,288
19556,309,285,288
19557,309,281,284
19558,309,279,284
19559,309,280,280
19560,308,284,282
19561,308,284,284
19562,309,286,286
19563,309,285,287
19564,308,286,286
19565,309,284,284
19566,308,279,282
19567,309,278,284
19568,309,284,286
19569,309,284,286
19570,308,284,286
19571,310,285,286
19572,309,285,284
19573,309,284,282
19574,308,284,282
19575,309,279,282
19576,309,279,286
19577,309,284,286
19578,309,285,286
19579,309,284,286
19580,308,284,284
19581,309,284,284
19582,309,284,282
19583,309,284,286
19584,309,284,285
19585,309,284,286
19586,308,286,284
19587,309,285,282
19588,308,281,282
19589,308,279,284
19590,309,281,285
19591,309,284,286
19592,309,284,288
19593,309,284,285
19594,309,284,284
19595,309,284,282
19596,309,284,284
19597,309,281,284
19598,309,284,286
19599,308,284,286
19600,309,285,284
19601,309,285,282
19602,309,284,281
19603,309,281,282
19604,308,284,285
19605,309,284,286
19606,309,284,288
19607,309,284,286
19608,309,284,284
19609,309,284,282
19610,309,284,281
19611,309,284,282
19612,308,284,286
19613,309,287,288
19614,309,285,286
19615,309,281,285
19616,308,277,282
19617,308,281,282
19618,309,285,282
19619,308,287,285
19620,308,287,286
19621,309,284,288
19622,309,284,286
19623,309,282,284
19624,308,280,280
19625,309,282,282
19626,308,286,284
19627,309,288,288
19628,308,286,288
19629,309,284,286
19630,309,282,284
19631,310,284,282
19632,309,284,282
19633,308,284,284
19634,308,284,286
19635,309,286,286
19636,309,286,286
19637,309,285,285
19638,309,284,284
19639,308,284,284
19640,309,284,284
19641,309,284,285
19642,308,284,284
19643,309,284,284
19644,308,285,284
19645,309,286,284
19646,309,284,284
19647,309,284,284
19648,309,281,285
19649,309,284,286
19650,308,286,286
19651,309,284,284
19652,309,284,284
19653,309,284,282
19654,309,284,284
19655,308,284,285
19656,309,284,286
19657,309,285,286
19658,308,285,285
19659,309,284,284
19660,309,279,280
19661,309,284,282
19662,309,285,285
19663,309,286,288
19664,309,285,288
19665,308,284,286
19666,309,284,282
19667,309,284,282
19668,309,284,284
19669,308,284,284
19670,308,284,286
19671,309,286,288
19672,309,286,288
19673,309,284,284
19674,309,281,281
19675,308,284,280
19676,309,285,284
19677,309,286,286
19678,309,285,288
19679,309,284,288
19680,309,285,285
19681,308,285,284
19682,309,281,282
19683,308,281,284
19684,309,284,284
19685,308,287,286
19686,309,289,286
19687,308,286,284
19688,309,281,284
19689,309,281,282
19690,308,284,281
19691,310,284,284
19692,308,288,286
19693,309,288,288
19694,309,286,287
19695,309,284,285
19696,309,284,281
19697,308,279,281
19698,309,285,284
19699,309,287,286
19700,309,286,286
19701,308,284,286
19702,309,284,284
19703,309,284,282
19704,309,284,282
19705,308,284,284
19706,309,284,287
19707,308,288,288
19708,309,285,286
19709,309,284,282
19710,309,284,282
19711,309,285,282
19712,309,288,284
19713,309,288,285
19714,309,284,286
19715,309,284,288
19716,309,288,286
19717,309,288,282
19718,308,284,280
19719,308,284,282
19720,309,284,285
19721,309,288,288
19722,309,286,288
19723,309,288,286
19724,309,284,282
19725,309,284,281
19726,308,284,281
19727,308,284,284
19728,308,284,286
19729,309,288,288
19730,308,288,286
19731,308,288,284
19732,308,284,281
19733,309,279,282
19734,308,284,284
19735,309,288,286
19736,309,288,286
19737,309,287,286
19738,309,288,284
19739,309,284,282
19740,308,284,282
19741,308,284,282
19742,309,284,284
19743,308,288,286
19744,309,287,286
19745,308,285,284
19746,309,284,284
19747,309,288,282
19748,308,288,284
19749,309,288,284
19750,309,285,286
19751,310,284,286
19752,308,285,286
19753,308,284,284
19754,308,284,282
19755,309,285,282
19756,308,289,284
19757,308,288,286
19758,309,285,288
19759,308,284,286
19760,309,284,284
19761,309,288,282
19762,308,286,281
19763,309,288,284
19764,309,288,286
19765,309,288,287
19766,309,288,286
19767,309,285,284
19768,309,284,282
19769,309,284,280
19770,308,284,282
19771,309,288,284
19772,309,288,284
19773,309,288,288
19774,309,288,286
19775,309,288,284
19776,309,284,282
19777,308,279,280
19778,309,284,282
19779,308,288,284
19780,309,292,286
19781,309,289,286
19782,309,285,286
19783,309,284,284
19784,309,284,281
19785,308,282,281
19786,308,284,284
19787,309,286,286
19788,309,289,287
19789,308,289,286
19790,308,286,284
19791,308,284,284
19792,309,284,282
19793,309,284,282
19794,309,284,284
19795,309,284,286
19796,308,287,287
19797,309,288,285
19798,309,288,284
19799,309,284,282
19800,309,282,284
19801,308,284,284
19802,308,285,284
19803,308,288,286
19804,309,288,286
19805,309,288,284
19806,309,288,282
19807,309,288,282
19808,309,284,282
19809,309,284,286
19810,309,288,286
19811,310,290,286
19812,309,288,284
19813,308,285,284
19814,309,284,282
19815,309,285,284
19816,309,288,284
19817,309,288,286
19818,308,288,288
19819,309,288,285
19820,309,288,281
19821,308,284,280
19822,309,284,282
19823,309,288,285
19824,309,289,288
19825,309,289,288
19826,309,288,286
19827,309,284,284
19828,309,284,280
19829,309,285,279
19830,309,288,284
19831,309,288,288
19832,309,288,290
19833,309,288,288
19834,309,288,284
19835,308,284,280
19836,308,281,280
19837,309,288,282
19838,308,288,286
19839,308,288,288
19840,309,288,287
19841,309,288,284
19842,309,284,282
19843,309,284,282
19844,309,284,282
19845,309,284,286
19846,309,288,288
19847,308,288,286
19848,308,285,284
19849,309,284,282
19850,308,284,280
19851,309,288,282
19852,308,288,284
19853,309,288,288
19854,309,285,288
19855,309,288,286
19856,309,284,282
19857,308,284,280
19858,309,284,281
19859,308,288,284
19860,309,292,288
19861,309,289,288
19862,309,284,286
19863,309,281,282
19864,309,284,280
19865,309,284,280
19866,309,288,284
19867,309,292,288
19868,309,292,289
19869,309,288,288
19870,309,284,285
19871,310,282,280
19872,309,279,280
19873,308,288,282
19874,309,292,286
19875,308,289,288
19876,309,288,288
19877,308,288,284
19878,308,284,281
19879,308,284,280
19880,308,284,282
19881,309,284,284
19882,309,286,288
19883,309,288,288
19884,309,288,284
19885,309,288,282
19886,309,288,281
19887,309,288,282
19888,309,284,285
19889,309,284,286
19890,308,284,286
19891,308,288,284
19892,309,289,282
19893,309,288,281
19894,309,285,284
19895,309,285,286
19896,309,285,288
19897,309,284,286
19898,309,285,284
19899,309,288,282
19900,309,288,282
19901,309,288,282
19902,309,284,284
19903,308,285,286
19904,309,288,288
19905,309,288,286
19906,309,285,284
19907,309,284,282
19908,308,288,282
19909,309,288,284
19910,309,288,286
19911,309,285,286
19912,309,284,286
19913,309,285,284
19914,309,288,280
19915,308,288,281
19916,308,288,284
19917,309,288,288
19918,309,288,288
19919,308,288,287
19920,309,284,284
19921,308,284,282
19922,308,284,282
19923,309,288,284
19924,309,288,286
19925,308,288,288
19926,309,288,286
19927,309,288,284
19928,308,288,282
19929,309,284,280
19930,309,284,284
19931,310,288,285
19932,309,288,286
19933,309,288,286
19934,309,285,286
19935,308,288,284
19936,308,288,282
19937,309,288,282
19938,309,284,282
19939,309,284,284
19940,309,285,286
19941,309,288,286
19942,308,284,286
19943,308,284,285
19944,309,284,284
19945,309,284,284
19946,309,284,284
19947,308,284,284
19948,309,284,286
19949,308,286,286
19950,309,285,285
19951,308,282,284
19952,308,281,285
19953,308,284,286
19954,309,286,285
19955,309,286,286
19956,308,286,285
19957,309,284,284
19958,309,284,284
19959,309,282,284
19960,309,281,286
19961,309,284,286
19962,309,286,286
19963,309,288,286
19964,308,284,285
19965,308,284,282
19966,309,281,282
19967,308,285,284
19968,309,288,286
19969,309,288,288
19970,309,284,288
19971,308,284,285
19972,309,284,282
19973,309,284,281
19974,308,284,282
19975,309,284,286
19976,309,292,288
19977,309,289,288
19978,309,284,285
19979,309,279,282
19980,308,281,282
19981,308,284,282
19982,308,286,284
19983,309,288,286
19984,309,288,288
19985,309,285,288
19986,309,284,286
19987,309,284,280
19988,309,284,280
19989,309,284,282
19990,309,288,285
19991,310,288,286
19992,309,285,288
19993,308,284,286
19994,309,284,285
19995,309,284,282
19996,309,284,280
19997,309,284,284
19998,309,288,286
19999,309,288,288
