timestamp,x,y,z
0,310,285,282
1,314,284,281
2,311,282,281
3,310,280,284
4,310,278,286
5,310,278,290
6,310,282,288
7,310,284,284
8,310,284,281
9,309,282,281
10,310,284,284
11,310,284,286
12,310,284,288
13,310,282,285
14,314,280,282
15,310,280,280
16,310,284,279
17,310,286,281
18,310,287,284
19,310,288,286
20,310,286,286
21,310,282,286
22,310,280,280
23,310,280,280
24,310,286,282
25,310,288,285
26,310,285,287
27,310,282,287
28,310,282,284
29,310,282,284
30,310,284,282
31,310,284,282
32,310,284,284
33,310,286,288
34,310,284,288
35,309,281,286
36,310,280,284
37,310,281,284
38,310,284,280
39,310,285,279
40,309,288,276
41,310,288,274
42,310,292,276
43,310,290,278
44,310,286,282
45,309,282,285
46,310,282,282
47,310,282,278
48,310,284,274
49,310,285,273
50,309,288,276
51,310,293,282
52,310,293,284
53,310,287,284
54,310,284,281
55,310,279,276
56,310,277,276
57,311,278,278
58,310,284,284
59,310,286,290
60,310,292,292
61,310,292,286
62,310,288,281
63,310,284,276
64,310,281,277
65,310,278,280
66,310,278,286
67,310,280,286
68,311,287,286
69,310,292,284
70,310,292,282
71,310,286,278
72,310,284,278
73,310,284,279
74,310,287,280
75,310,288,280
76,310,288,278
77,310,286,277
78,310,282,278
79,310,282,280
80,310,282,282
81,310,290,285
82,310,296,281
83,310,296,277
84,310,287,274
85,310,280,274
86,310,276,278
87,310,280,286
88,310,288,290
89,310,292,286
90,309,293,280
91,310,289,272
92,310,284,271
93,310,280,276
94,310,282,286
95,310,284,290
96,310,285,290
97,310,284,284
98,310,282,280
99,310,284,282
100,309,292,290
101,310,293,295
102,310,288,298
103,310,284,292
104,310,280,282
105,309,282,274
106,310,284,274
107,310,288,284
108,310,290,296
109,310,292,300
110,310,292,293
111,310,290,284
112,310,286,271
113,310,284,270
114,310,280,276
115,310,284,286
116,310,286,292
117,311,296,292
118,310,300,286
119,310,292,280
120,310,277,274
121,310,270,274
122,310,276,277
123,310,289,285
124,310,300,292
125,310,302,290
126,310,297,286
127,310,286,282
128,311,276,278
129,310,269,280
130,310,272,286
131,310,282,290
132,310,295,290
133,310,302,292
134,310,301,290
135,310,292,289
136,310,282,288
137,310,274,287
138,310,269,286
139,310,270,285
140,310,281,284
141,310,292,286
142,310,296,290
143,310,295,296
144,310,289,297
145,310,280,294
146,310,272,281
147,310,268,276
148,310,273,274
149,310,280,282
150,310,287,290
151,310,292,298
152,310,294,300
153,310,290,296
154,310,284,286
155,309,276,277
156,310,268,272
157,310,270,278
158,310,286,287
159,310,300,295
160,310,304,296
161,310,295,288
162,310,284,279
163,310,271,274
164,310,269,276
165,309,273,281
166,310,289,292
167,310,300,297
168,310,298,296
169,310,284,286
170,310,272,280
171,310,265,278
172,310,276,286
173,310,288,294
174,310,295,298
175,310,294,295
176,310,284,286
177,311,272,278
178,310,268,278
179,310,276,286
180,310,286,296
181,310,300,301
182,310,298,297
183,310,290,288
184,310,276,276
185,310,270,270
186,310,270,274
187,310,278,288
188,311,287,298
189,310,298,302
190,310,298,294
191,310,292,284
192,310,276,270
193,310,268,270
194,310,268,278
195,310,274,292
196,310,280,298
197,310,292,298
198,310,295,286
199,310,294,274
200,310,286,268
201,310,277,270
202,310,270,284
203,310,274,294
204,310,280,296
205,310,286,292
206,310,289,284
207,309,288,277
208,310,284,276
209,310,282,279
210,309,280,286
211,310,280,292
212,310,281,292
213,310,280,285
214,310,279,280
215,309,282,278
216,310,285,282
217,309,286,288
218,310,284,292
219,310,278,292
220,309,274,288
221,310,277,282
222,310,279,279
223,310,282,281
224,310,284,284
225,310,285,286
226,310,284,284
227,310,282,284
228,310,278,284
229,310,276,285
230,310,284,285
231,310,286,284
232,310,284,284
233,310,279,284
234,310,279,286
235,310,284,284
236,310,288,281
237,311,290,278
238,310,286,277
239,310,285,279
240,310,284,282
241,310,280,290
242,310,279,293
243,310,280,292
244,310,282,285
245,310,284,280
246,310,286,276
247,310,286,279
248,311,290,284
249,310,289,289
250,310,284,292
251,310,277,288
252,310,276,281
253,310,280,276
254,310,290,276
255,310,295,278
256,310,296,285
257,310,294,288
258,310,284,286
259,310,274,280
260,310,272,274
261,310,278,271
262,310,288,276
263,310,295,282
264,310,297,290
265,310,292,292
266,310,284,287
267,310,274,277
268,310,269,272
269,310,274,272
270,310,285,278
271,310,296,286
272,310,300,294
273,310,295,292
274,310,282,284
275,310,276,274
276,310,273,270
277,310,276,274
278,310,282,284
279,310,292,292
280,310,294,294
281,310,292,290
282,310,284,280
283,310,278,274
284,310,276,271
285,310,280,276
286,310,286,280
287,310,295,290
288,310,298,292
289,310,294,288
290,310,284,278
291,310,278,271
292,310,278,270
293,310,284,276
294,310,292,284
295,310,294,289
296,310,295,290
297,311,290,286
298,310,284,278
299,310,282,273
300,310,286,271
301,310,290,277
302,310,294,284
303,310,293,288
304,310,290,284
305,310,288,280
306,310,288,276
307,310,287,274
308,311,284,276
309,310,284,282
310,310,286,288
311,310,289,292
312,310,290,292
313,310,284,286
314,310,280,284
315,310,276,284
316,310,276,286
317,310,277,289
318,310,286,292
319,310,292,290
320,310,294,288
321,310,292,284
322,310,286,280
323,310,280,282
324,310,278,286
325,310,279,289
326,310,282,288
327,310,288,284
328,310,294,282
329,310,293,281
330,310,290,282
331,310,285,282
332,310,284,284
333,310,287,284
334,310,288,281
335,310,286,280
336,310,287,278
337,310,288,280
338,310,288,285
339,310,286,292
340,310,286,292
341,310,288,284
342,310,292,278
343,310,288,278
344,310,277,282
345,310,273,286
346,310,276,288
347,310,286,292
348,310,294,294
349,310,298,290
350,310,294,286
351,310,282,285
352,310,271,287
353,310,268,289
354,310,278,290
355,310,290,289
356,310,298,288
357,311,294,286
358,310,286,286
359,310,276,288
360,310,274,290
361,310,273,290
362,310,278,288
363,310,284,286
364,310,294,286
365,310,294,286
366,310,288,287
367,310,282,287
368,311,279,285
369,310,280,284
370,310,278,282
371,310,276,282
372,310,280,286
373,310,292,290
374,310,300,292
375,309,297,290
376,310,290,284
377,310,279,278
378,310,277,276
379,310,278,278
380,310,282,287
381,310,286,296
382,310,290,296
383,310,288,290
384,310,282,284
385,310,277,280
386,310,279,282
387,310,287,288
388,310,294,296
389,310,294,298
390,310,286,295
391,310,278,282
392,310,270,274
393,310,269,276
394,310,276,282
395,310,290,292
396,310,298,298
397,310,298,298
398,310,287,284
399,310,280,276
400,309,274,271
401,310,270,276
402,310,270,283
403,310,278,292
404,310,286,294
405,310,294,292
406,310,294,284
407,310,287,276
408,310,277,274
409,310,274,278
410,310,272,284
411,310,276,292
412,310,281,292
413,310,289,290
414,310,292,282
415,310,288,278
416,310,280,278
417,311,276,284
418,310,276,287
419,310,279,290
420,310,284,290
421,310,292,288
422,310,290,284
423,310,286,281
424,310,279,280
425,310,276,280
426,310,276,284
427,310,282,289
428,311,286,292
429,310,288,292
430,310,288,288
431,310,286,282
432,310,284,276
433,310,279,274
434,310,276,278
435,310,276,286
436,310,284,292
437,310,289,292
438,310,292,289
439,310,289,284
440,310,284,279
441,310,278,276
442,310,274,276
443,310,276,279
444,310,284,288
445,310,294,290
446,310,296,288
447,310,286,282
448,310,278,278
449,310,272,276
450,310,276,280
451,310,281,285
452,310,288,292
453,310,288,292
454,310,289,288
455,310,284,277
456,310,278,274
457,310,276,274
458,310,279,282
459,310,284,288
460,310,286,292
461,310,286,292
462,310,284,288
463,310,285,282
464,310,284,279
465,310,282,278
466,310,281,281
467,310,284,284
468,310,288,288
469,310,288,288
470,310,287,286
471,310,284,280
472,310,284,277
473,310,282,276
474,310,282,279
475,310,286,284
476,310,292,284
477,311,292,282
478,310,288,278
479,310,286,276
480,310,282,276
481,310,284,280
482,310,284,282
483,310,284,282
484,310,286,282
485,310,290,282
486,310,290,280
487,310,287,280
488,311,284,280
489,310,284,280
490,310,286,280
491,310,286,282
492,310,284,284
493,310,284,288
494,310,284,286
495,310,286,284
496,310,288,281
497,310,288,278
498,310,288,278
499,310,288,280
500,310,286,284
501,310,282,286
502,310,282,288
503,310,284,288
504,310,284,284
505,310,282,280
506,310,282,276
507,310,284,276
508,310,290,279
509,310,294,284
510,310,293,286
511,310,288,285
512,310,284,279
513,310,278,276
514,310,278,276
515,310,282,280
516,310,292,286
517,310,300,288
518,310,303,285
519,310,296,276
520,310,292,276
521,310,284,274
522,310,282,276
523,310,282,278
524,308,284,284
525,310,284,288
526,310,280,292
527,310,279,294
528,310,278,292
529,310,282,290
530,310,289,285
531,310,292,281
532,310,286,278
533,310,282,280
534,310,280,284
535,310,284,290
536,310,286,292
537,312,288,290
538,310,285,288
539,310,280,284
540,310,278,282
541,310,278,282
542,310,288,284
543,310,296,288
544,310,300,287
545,310,297,282
546,310,290,277
547,310,279,276
548,311,278,278
549,310,280,282
550,310,286,290
551,310,289,290
552,310,292,288
553,310,292,284
554,310,290,280
555,310,288,278
556,310,286,278
557,310,286,282
558,310,284,286
559,310,279,288
560,310,278,286
561,310,281,286
562,310,284,287
563,310,286,290
564,310,286,292
565,310,286,292
566,310,285,290
567,310,281,288
568,310,276,284
569,310,276,282
570,310,282,284
571,310,289,290
572,310,292,292
573,310,288,292
574,310,284,290
575,310,278,290
576,310,274,290
577,310,272,288
578,310,280,286
579,310,288,286
580,310,292,288
581,310,288,289
582,310,284,286
583,310,277,282
584,310,279,282
585,310,284,284
586,310,288,286
587,310,292,288
588,310,292,287
589,310,284,284
590,310,277,282
591,310,278,280
592,310,282,282
593,310,294,286
594,310,297,292
595,310,292,292
596,310,285,284
597,311,282,276
598,310,281,276
599,310,282,284
600,310,284,292
601,310,285,298
602,310,287,296
603,310,288,292
604,310,284,280
605,310,284,276
606,310,286,276
607,310,285,284
608,311,282,288
609,310,278,294
610,310,276,294
611,310,278,289
612,310,281,280
613,310,282,278
614,310,284,282
615,310,285,288
616,310,284,292
617,310,278,292
618,310,276,288
619,310,278,280
620,310,282,278
621,310,284,279
622,310,281,286
623,310,280,292
624,310,282,292
625,310,284,288
626,310,282,284
627,310,280,279
628,310,280,280
629,310,284,284
630,310,286,286
631,310,284,284
632,310,279,284
633,310,279,284
634,310,280,282
635,310,284,284
636,310,288,287
637,310,289,288
638,310,285,285
639,310,280,282
640,310,276,278
641,310,276,278
642,310,284,282
643,310,292,288
644,310,293,292
645,310,289,290
646,310,284,284
647,310,276,278
648,310,274,276
649,310,276,278
650,310,285,286
651,310,293,296
652,310,292,297
653,310,284,288
654,310,280,276
655,310,279,268
656,310,280,270
657,311,280,279
658,310,282,294
659,310,284,298
660,310,287,294
661,310,286,282
662,310,282,276
663,309,278,272
664,310,278,278
665,310,280,284
666,310,284,290
667,310,287,290
668,311,286,286
669,310,284,280
670,310,279,276
671,310,277,277
672,310,279,282
673,310,288,289
674,310,290,294
675,310,287,293
676,310,282,284
677,310,279,276
678,310,284,272
679,310,287,276
680,310,286,284
681,310,286,290
682,310,288,290
683,310,290,284
684,310,289,276
685,310,288,271
686,310,284,273
687,310,286,280
688,310,288,282
689,310,288,284
690,310,288,284
691,310,286,281
692,309,284,278
693,310,284,277
694,310,284,278
695,310,285,282
696,310,286,285
697,310,286,284
698,310,284,280
699,310,284,276
700,310,286,280
701,310,286,284
702,310,284,290
703,310,282,290
704,310,284,284
705,310,288,276
706,310,290,273
707,310,288,279
708,310,286,289
709,310,285,294
710,310,284,290
711,310,279,284
712,310,279,276
713,310,281,274
714,310,286,278
715,310,292,284
716,310,292,286
717,311,290,286
718,310,289,279
719,310,286,276
720,310,280,276
721,310,277,279
722,310,277,286
723,310,286,290
724,310,295,288
725,310,300,280
726,310,300,276
727,310,290,276
728,311,278,278
729,310,272,282
730,310,276,287
731,310,286,288
732,310,296,286
733,310,300,280
734,310,295,276
735,310,284,280
736,310,280,286
737,310,280,288
738,310,284,288
739,310,287,285
740,310,290,281
741,310,288,279
742,310,286,282
743,310,284,288
744,310,282,294
745,310,282,296
746,310,280,292
747,310,278,287
748,310,284,280
749,310,290,282
750,310,296,284
751,310,296,288
752,310,292,286
753,310,282,284
754,310,279,281
755,310,279,280
756,310,284,281
757,310,288,285
758,310,292,290
759,310,290,290
760,310,288,288
761,310,286,279
762,310,285,277
763,310,286,276
764,310,284,279
765,310,284,282
766,310,286,284
767,310,292,285
768,310,294,288
769,310,288,290
770,310,282,286
771,310,276,282
772,310,279,281
773,310,282,284
774,310,286,290
775,310,290,292
776,310,293,290
777,311,288,286
778,310,280,284
779,310,272,284
780,310,271,286
781,310,282,289
782,310,292,294
783,310,292,296
784,310,282,290
785,310,276,280
786,310,276,276
787,310,286,284
788,311,292,292
789,310,289,295
790,310,281,292
791,310,274,286
792,310,272,282
793,310,278,282
794,310,289,286
795,310,290,290
796,310,288,292
797,310,286,290
798,310,284,286
799,310,284,284
800,310,279,280
801,310,276,279
802,310,282,284
803,310,290,288
804,310,295,290
805,310,292,290
806,310,287,288
807,310,284,286
808,310,284,281
809,310,284,278
810,309,279,280
811,310,280,286
812,310,288,290
813,310,295,292
814,310,294,290
815,310,282,287
816,310,272,285
817,310,268,286
818,310,276,288
819,310,284,288
820,310,294,292
821,310,294,292
822,310,288,290
823,310,276,284
824,310,271,282
825,310,271,285
826,310,276,292
827,310,284,295
828,310,292,292
829,310,293,286
830,310,292,281
831,310,285,278
832,310,279,278
833,310,278,284
834,310,280,288
835,310,285,290
836,310,287,286
837,311,284,282
838,310,280,277
839,310,281,276
840,310,284,280
841,310,285,288
842,310,287,293
843,310,288,292
844,310,284,284
845,310,280,279
846,310,276,274
847,310,276,276
848,312,281,282
849,310,287,290
850,310,289,295
851,310,290,294
852,310,286,287
853,310,278,280
854,310,273,276
855,310,272,276
856,310,279,284
857,310,288,294
858,310,292,296
859,310,285,292
860,310,281,284
861,310,276,277
862,310,276,278
863,310,276,280
864,310,281,286
865,310,284,290
866,310,289,290
867,310,285,284
868,310,280,281
869,310,277,277
870,309,279,278
871,310,284,282
872,310,284,286
873,310,285,286
874,310,284,285
875,310,286,282
876,310,284,280
877,310,281,280
878,310,281,281
879,310,284,282
880,310,286,285
881,310,286,286
882,310,284,284
883,310,282,282
884,310,284,283
885,310,284,284
886,310,284,285
887,310,284,286
888,310,284,286
889,310,284,284
890,310,282,284
891,310,282,284
892,310,282,286
893,310,285,286
894,310,284,286
895,310,284,284
896,310,284,281
897,311,289,276
898,310,292,272
899,310,290,272
900,310,287,277
901,310,285,284
902,310,285,287
903,310,284,286
904,310,281,282
905,310,282,274
906,310,286,271
907,310,288,273
908,311,290,280
909,310,290,286
910,310,286,288
911,310,284,284
912,310,279,278
913,309,277,271
914,310,279,274
915,310,286,280
916,310,290,289
917,310,288,293
918,310,286,292
919,310,284,284
920,310,284,276
921,310,280,273
922,310,276,276
923,310,276,284
924,310,284,288
925,310,293,288
926,310,296,288
927,310,293,284
928,310,284,280
929,310,280,276
930,309,280,274
931,310,284,276
932,310,288,280
933,310,294,282
934,310,292,281
935,310,288,281
936,310,284,280
937,310,282,280
938,310,284,280
939,310,286,280
940,310,286,279
941,310,289,281
942,310,292,280
943,310,292,280
944,310,287,280
945,310,286,281
946,310,285,281
947,310,287,280
948,310,288,278
949,310,288,278
950,310,286,282
951,310,286,284
952,310,284,284
953,310,279,284
954,310,278,284
955,310,281,284
956,310,286,286
957,311,292,289
958,310,292,290
959,310,288,292
960,310,286,291
961,310,284,288
962,310,279,284
963,310,278,282
964,310,282,284
965,310,288,288
966,310,293,292
967,310,295,292
968,311,293,290
969,310,290,286
970,310,284,280
971,310,278,277
972,310,277,276
973,310,282,282
974,310,290,288
975,310,298,294
976,310,300,294
977,310,294,286
978,310,288,274
979,310,280,268
980,310,276,269
981,310,278,276
982,310,288,288
983,310,296,302
984,310,298,304
985,310,294,292
986,310,288,277
987,310,278,268
988,310,271,268
989,310,270,276
990,310,282,296
991,310,296,308
992,310,303,308
993,310,295,294
994,310,284,282
995,309,265,273
996,310,263,277
997,310,268,284
998,310,282,298
999,310,293,304
1000,310,304,300
1001,310,301,287
1002,310,292,280
1003,310,276,274
1004,310,268,278
1005,310,268,286
1006,310,276,298
1007,310,279,302
1008,310,288,298
1009,310,294,284
1010,310,294,274
1011,310,289,268
1012,310,284,274
1013,310,278,286
1014,310,278,300
1015,310,277,302
1016,310,276,294
1017,311,279,284
1018,310,288,274
1019,310,296,272
1020,310,298,276
1021,310,296,290
1022,310,290,296
1023,310,279,294
1024,310,270,284
1025,310,266,278
1026,310,274,280
1027,310,288,286
1028,311,300,292
1029,310,300,296
1030,310,294,295
1031,310,279,292
1032,310,269,286
1033,310,266,282
1034,310,272,278
1035,310,280,284
1036,310,294,290
1037,310,295,298
1038,310,288,300
1039,310,278,298
1040,310,274,292
1041,310,274,285
1042,310,279,277
1043,310,282,274
1044,310,288,277
1045,310,294,285
1046,310,294,290
1047,310,286,295
1048,310,280,292
1049,310,273,284
1050,309,272,276
1051,310,276,276
1052,310,284,280
1053,310,288,290
1054,310,294,295
1055,310,294,292
1056,310,288,286
1057,310,279,274
1058,310,276,270
1059,310,274,272
1060,310,280,284
1061,310,284,290
1062,310,288,297
1063,310,289,294
1064,310,284,288
1065,310,278,280
1066,310,278,279
1067,310,280,282
1068,310,284,284
1069,310,282,285
1070,310,280,284
1071,310,279,286
1072,310,281,286
1073,310,282,288
1074,310,280,288
1075,310,280,289
1076,310,281,288
1077,311,279,284
1078,310,276,280
1079,310,276,279
1080,310,278,282
1081,310,285,288
1082,310,287,288
1083,310,282,288
1084,310,278,284
1085,310,277,280
1086,310,280,278
1087,310,284,280
1088,311,286,284
1089,310,284,288
1090,310,284,290
1091,310,282,285
1092,310,281,280
1093,310,282,276
1094,310,284,278
1095,310,286,282
1096,310,287,286
1097,310,288,287
1098,310,286,286
1099,310,285,284
1100,310,284,282
1101,310,279,281
1102,310,279,282
1103,310,284,285
1104,310,288,288
1105,310,290,289
1106,310,289,286
1107,310,285,284
1108,310,282,280
1109,310,279,280
1110,310,279,281
1111,310,286,282
1112,311,292,281
1113,310,294,280
1114,311,292,281
1115,310,286,281
1116,310,278,282
1117,310,278,282
1118,310,279,281
1119,310,284,278
1120,310,286,279
1121,310,292,280
1122,310,292,284
1123,310,288,284
1124,310,284,282
1125,312,279,278
1126,310,278,277
1127,310,278,279
1128,310,278,280
1129,310,286,286
1130,310,294,288
1131,310,294,288
1132,310,286,282
1133,310,280,278
1134,310,276,276
1135,310,279,280
1136,310,284,284
1137,310,292,288
1138,311,294,286
1139,310,293,282
1140,310,288,277
1141,310,282,276
1142,310,280,280
1143,310,282,284
1144,310,286,287
1145,310,289,286
1146,310,288,282
1147,310,290,277
1148,310,290,274
1149,311,289,276
1150,309,286,280
1151,310,284,284
1152,310,284,286
1153,310,286,284
1154,310,286,282
1155,310,284,279
1156,310,286,278
1157,310,292,277
1158,310,296,278
1159,310,294,280
1160,310,288,284
1161,310,284,282
1162,310,280,280
1163,310,282,278
1164,310,284,276
1165,310,292,276
1166,310,296,280
1167,310,295,284
1168,310,288,288
1169,310,284,292
1170,310,280,290
1171,310,279,284
1172,310,277,282
1173,310,276,280
1174,310,277,285
1175,310,287,290
1176,310,292,294
1177,310,292,294
1178,310,286,288
1179,310,284,281
1180,310,280,278
1181,310,280,281
1182,310,282,286
1183,310,286,292
1184,310,292,294
1185,310,292,289
1186,310,285,281
1187,310,282,276
1188,310,284,276
1189,310,289,280
1190,310,294,284
1191,310,296,290
1192,310,293,290
1193,310,287,285
1194,310,281,276
1195,310,278,271
1196,310,281,276
1197,310,288,286
1198,311,294,293
1199,310,295,296
1200,310,294,292
1201,310,288,282
1202,310,280,274
1203,310,272,272
1204,310,268,282
1205,310,276,294
1206,310,295,302
1207,310,306,300
1208,310,302,294
1209,311,284,280
1210,310,270,274
1211,310,263,276
1212,310,274,286
1213,310,286,294
1214,310,303,303
1215,310,304,300
1216,310,292,292
1217,310,270,277
1218,310,263,271
1219,310,268,276
1220,310,285,290
1221,310,298,300
1222,310,300,301
1223,310,296,292
1224,310,282,278
1225,310,270,271
1226,310,266,273
1227,310,276,284
1228,310,287,294
1229,310,298,297
1230,310,293,294
1231,310,284,288
1232,310,272,276
1233,310,274,272
1234,310,280,276
1235,310,289,290
1236,310,293,297
1237,310,294,296
1238,310,290,285
1239,310,284,279
1240,310,276,274
1241,310,274,280
1242,310,282,286
1243,310,292,294
1244,310,294,298
1245,310,292,298
1246,310,284,288
1247,310,276,278
1248,310,274,274
1249,310,276,277
1250,310,288,292
1251,310,295,296
1252,310,294,296
1253,310,284,290
1254,310,277,282
1255,310,274,278
1256,310,278,278
1257,310,282,280
1258,311,286,286
1259,310,288,290
1260,310,289,288
1261,310,284,284
1262,310,277,281
1263,310,274,279
1264,310,278,280
1265,310,286,284
1266,310,289,286
1267,310,286,284
1268,310,278,284
1269,311,278,282
1270,310,279,282
1271,310,282,282
1272,310,284,284
1273,310,284,287
1274,310,284,287
1275,310,282,286
1276,310,278,282
1277,310,276,282
1278,310,278,284
1279,310,282,288
1280,310,285,290
1281,310,288,288
1282,310,286,286
1283,310,280,284
1284,310,276,280
1285,310,276,280
1286,310,278,284
1287,310,286,288
1288,310,290,290
1289,310,288,290
1290,310,287,286
1291,310,282,281
1292,310,278,278
1293,310,276,278
1294,310,280,280
1295,310,284,286
1296,310,294,290
1297,310,292,288
1298,310,286,284
1299,310,278,278
1300,310,276,276
1301,310,278,278
1302,310,282,284
1303,310,286,286
1304,310,288,287
1305,310,289,286
1306,310,286,282
1307,310,279,280
1308,310,277,279
1309,310,279,280
1310,310,282,282
1311,310,284,286
1312,310,286,287
1313,310,286,286
1314,310,286,286
1315,310,282,284
1316,310,278,282
1317,310,276,281
1318,311,281,282
1319,310,286,284
1320,310,289,288
1321,310,288,288
1322,310,284,286
1323,310,284,284
1324,310,281,282
1325,310,279,284
1326,310,280,285
1327,310,286,286
1328,310,290,284
1329,311,290,282
1330,310,287,279
1331,310,284,278
1332,310,284,278
1333,310,285,280
1334,310,284,280
1335,310,286,284
1336,310,289,282
1337,310,288,281
1338,310,284,279
1339,310,282,278
1340,309,284,278
1341,310,292,280
1342,310,293,281
1343,310,288,284
1344,310,284,286
1345,310,281,284
1346,310,284,281
1347,310,286,279
1348,310,288,278
1349,310,288,281
1350,310,289,284
1351,310,289,285
1352,310,286,284
1353,310,284,286
1354,310,284,285
1355,310,282,284
1356,310,282,280
1357,310,284,280
1358,310,288,282
1359,310,292,286
1360,310,292,288
1361,310,284,284
1362,310,280,282
1363,310,280,278
1364,310,284,276
1365,310,286,278
1366,310,290,284
1367,310,290,288
1368,310,288,289
1369,310,282,285
1370,310,278,280
1371,310,281,276
1372,310,288,273
1373,310,294,274
1374,310,296,278
1375,310,295,284
1376,310,292,290
1377,310,288,290
1378,311,285,286
1379,310,284,276
1380,310,282,270
1381,310,286,269
1382,310,288,278
1383,310,287,288
1384,310,287,300
1385,310,287,302
1386,310,284,296
1387,310,282,280
1388,310,280,272
1389,311,279,274
1390,310,284,282
1391,310,287,292
1392,310,290,300
1393,310,292,298
1394,310,290,290
1395,310,285,280
1396,310,280,274
1397,310,277,274
1398,310,278,282
1399,310,287,290
1400,310,292,298
1401,310,290,298
1402,310,286,290
1403,310,284,279
1404,310,284,271
1405,310,284,270
1406,310,285,274
1407,310,284,284
1408,310,285,292
1409,310,286,293
1410,310,288,290
1411,310,288,286
1412,310,288,282
1413,310,285,279
1414,310,282,280
1415,310,284,282
1416,310,284,282
1417,310,288,282
1418,310,288,284
1419,310,286,288
1420,310,286,290
1421,310,288,290
1422,310,286,290
1423,310,282,289
1424,310,279,287
1425,310,278,284
1426,310,282,284
1427,310,286,286
1428,310,288,290
1429,310,292,292
1430,310,292,290
1431,310,286,288
1432,310,277,287
1433,310,269,286
1434,310,268,287
1435,310,279,290
1436,310,292,294
1437,310,294,296
1438,311,292,292
1439,310,285,280
1440,310,276,274
1441,310,268,274
1442,310,270,279
1443,310,286,290
1444,310,300,300
1445,310,302,301
1446,310,288,292
1447,310,276,282
1448,310,266,270
1449,311,273,269
1450,310,284,276
1451,310,300,292
1452,310,302,297
1453,310,298,297
1454,310,284,288
1455,310,270,280
1456,310,266,274
1457,310,276,276
1458,310,288,282
1459,310,298,295
1460,310,301,300
1461,310,296,300
1462,310,286,288
1463,310,277,276
1464,310,268,265
1465,310,268,270
1466,310,281,281
1467,310,294,300
1468,310,298,308
1469,310,294,305
1470,310,285,290
1471,310,273,276
1472,310,266,266
1473,310,266,268
1474,310,280,284
1475,310,294,298
1476,310,301,301
1477,310,292,294
1478,310,279,284
1479,310,263,274
1480,310,263,274
1481,310,272,278
1482,310,287,288
1483,310,293,294
1484,308,294,296
1485,310,284,288
1486,310,276,282
1487,310,272,272
1488,310,276,272
1489,310,280,278
1490,310,284,288
1491,310,284,293
1492,310,286,295
1493,310,288,288
1494,310,286,282
1495,310,282,276
1496,310,280,276
1497,310,280,280
1498,313,284,285
1499,310,286,288
1500,310,286,288
1501,310,286,287
1502,310,286,285
1503,310,284,281
1504,310,282,280
1505,310,282,282
1506,310,284,286
1507,310,286,288
1508,310,286,288
1509,311,284,284
1510,310,281,281
1511,310,284,279
1512,310,284,280
1513,310,284,284
1514,310,284,285
1515,310,285,284
1516,310,284,284
1517,310,282,284
1518,310,281,282
1519,310,280,284
1520,310,284,284
1521,310,284,282
1522,310,281,280
1523,310,280,280
1524,310,282,282
1525,310,285,284
1526,310,286,284
1527,310,285,284
1528,310,280,284
1529,310,279,284
1530,310,279,282
1531,310,282,282
1532,310,284,282
1533,310,287,284
1534,310,286,284
1535,310,284,286
1536,310,284,284
1537,310,284,282
1538,310,287,281
1539,310,284,279
1540,310,280,278
1541,310,284,278
1542,310,289,278
1543,310,295,278
1544,310,296,280
1545,310,293,280
1546,310,286,280
1547,310,282,280
1548,310,278,279
1549,310,276,279
1550,309,279,282
1551,310,290,284
1552,310,298,284
1553,310,298,282
1554,310,292,278
1555,310,284,276
1556,310,278,276
1557,310,278,280
1558,311,278,284
1559,310,284,292
1560,310,290,290
1561,310,290,286
1562,310,286,278
1563,310,284,274
1564,310,284,276
1565,310,284,282
1566,310,284,286
1567,310,281,288
1568,310,281,286
1569,311,284,280
1570,310,287,278
1571,310,287,278
1572,310,287,281
1573,310,286,284
1574,310,286,285
1575,310,284,284
1576,310,282,280
1577,310,284,276
1578,310,286,276
1579,310,287,278
1580,310,286,284
1581,310,288,286
1582,310,292,285
1583,310,292,281
1584,310,286,278
1585,310,280,276
1586,310,279,278
1587,310,285,281
1588,310,292,287
1589,310,292,290
1590,310,292,288
1591,310,288,280
1592,310,284,276
1593,310,280,276
1594,310,278,279
1595,310,282,287
1596,310,290,288
1597,310,294,287
1598,310,293,284
1599,310,289,282
1600,310,281,286
1601,310,277,292
1602,310,278,292
1603,310,284,288
1604,310,286,284
1605,309,292,282
1606,310,292,282
1607,310,288,284
1608,310,288,287
1609,310,287,288
1610,310,284,286
1611,310,282,284
1612,310,281,282
1613,310,284,282
1614,310,290,286
1615,310,292,288
1616,310,287,288
1617,310,282,284
1618,311,280,278
1619,310,285,276
1620,309,290,277
1621,310,292,284
1622,310,288,288
1623,310,281,290
1624,310,274,288
1625,310,272,286
1626,310,282,284
1627,310,295,282
1628,310,304,282
1629,311,298,284
1630,310,286,284
1631,310,269,284
1632,310,269,282
1633,310,278,284
1634,310,292,290
1635,310,298,296
1636,310,298,296
1637,310,286,290
1638,310,276,285
1639,310,272,279
1640,310,276,279
1641,310,289,282
1642,310,293,290
1643,310,289,294
1644,310,281,296
1645,310,278,292
1646,310,279,284
1647,310,281,278
1648,310,281,279
1649,310,279,286
1650,310,282,296
1651,310,286,297
1652,310,288,290
1653,310,290,284
1654,310,286,278
1655,310,278,276
1656,310,271,278
1657,310,272,288
1658,310,278,296
1659,310,293,300
1660,310,300,293
1661,310,294,285
1662,310,282,278
1663,310,276,276
1664,310,274,280
1665,310,281,287
1666,310,287,289
1667,310,290,288
1668,310,290,286
1669,310,286,284
1670,310,282,284
1671,310,282,286
1672,310,284,290
1673,310,282,292
1674,310,278,289
1675,310,276,284
1676,310,278,284
1677,310,286,288
1678,311,295,294
1679,310,296,294
1680,310,292,292
1681,310,282,284
1682,310,272,276
1683,310,269,276
1684,310,274,284
1685,310,289,294
1686,310,298,300
1687,310,297,300
1688,310,286,287
1689,311,278,278
1690,310,276,272
1691,310,279,276
1692,310,282,282
1693,310,286,289
1694,310,288,290
1695,310,288,289
1696,310,284,284
1697,310,278,282
1698,310,276,282
1699,310,278,284
1700,310,279,284
1701,310,279,286
1702,310,281,286
1703,310,286,284
1704,310,289,284
1705,310,288,282
1706,310,279,281
1707,310,273,284
1708,310,274,286
1709,310,279,290
1710,310,284,292
1711,310,288,289
1712,310,288,285
1713,310,284,282
1714,310,280,280
1715,310,278,280
1716,310,280,284
1717,310,284,289
1718,310,284,290
1719,310,279,288
1720,310,278,284
1721,310,280,282
1722,310,286,281
1723,310,288,284
1724,310,286,286
1725,310,282,288
1726,310,279,286
1727,310,278,282
1728,310,278,280
1729,310,284,278
1730,310,288,280
1731,310,289,282
1732,310,285,286
1733,310,284,286
1734,310,282,286
1735,310,285,285
1736,310,285,284
1737,310,281,280
1738,311,279,280
1739,310,281,280
1740,309,286,282
1741,310,290,284
1742,310,292,287
1743,310,289,288
1744,310,284,286
1745,309,277,284
1746,310,272,282
1747,310,274,282
1748,310,282,284
1749,311,292,286
1750,309,294,288
1751,310,293,288
1752,310,286,286
1753,310,282,280
1754,310,279,274
1755,310,280,268
1756,310,284,270
1757,310,292,276
1758,310,295,288
1759,310,295,294
1760,310,292,294
1761,310,286,282
1762,310,279,271
1763,310,274,262
1764,310,274,263
1765,310,285,278
1766,310,298,292
1767,310,305,296
1768,310,296,292
1769,310,286,281
1770,310,269,270
1771,310,270,268
1772,310,276,272
1773,310,288,287
1774,310,293,298
1775,310,294,298
1776,310,289,286
1777,310,284,276
1778,310,278,268
1779,310,278,272
1780,310,282,280
1781,310,286,290
1782,310,286,293
1783,310,286,292
1784,310,287,282
1785,310,286,276
1786,310,284,272
1787,310,284,276
1788,310,284,282
1789,310,286,287
1790,310,288,288
1791,310,288,280
1792,310,288,274
1793,310,288,270
1794,310,288,274
1795,310,287,280
1796,310,288,290
1797,310,288,292
1798,311,287,288
1799,310,284,276
1800,309,282,268
1801,310,284,266
1802,310,290,276
1803,310,295,286
1804,310,295,295
1805,310,292,292
1806,310,284,282
1807,310,276,271
1808,310,272,268
1809,311,271,276
1810,310,274,290
1811,310,288,298
1812,310,297,296
1813,310,296,290
1814,310,288,279
1815,310,280,278
1816,310,273,282
1817,310,276,293
1818,310,282,295
1819,310,292,292
1820,310,296,288
1821,310,292,284
1822,310,284,282
1823,310,284,286
1824,310,292,290
1825,310,297,290
1826,310,296,287
1827,310,286,277
1828,310,280,274
1829,310,282,276
1830,310,285,286
1831,310,284,294
1832,310,286,296
1833,310,288,288
1834,310,290,279
1835,310,292,272
1836,310,292,273
1837,310,284,280
1838,310,280,288
1839,310,277,290
1840,310,276,288
1841,310,279,284
1842,310,292,282
1843,310,300,284
1844,310,300,288
1845,310,288,289
1846,310,276,286
1847,310,270,282
1848,310,276,278
1849,310,285,280
1850,310,297,292
1851,310,300,300
1852,310,290,298
1853,310,273,288
1854,310,265,284
1855,309,264,282
1856,310,277,286
1857,310,290,288
1858,311,297,292
1859,310,297,296
1860,310,289,294
1861,310,278,284
1862,310,271,278
1863,310,269,276
1864,310,271,282
1865,310,280,292
1866,310,288,298
1867,310,292,297
1868,310,294,290
1869,311,294,282
1870,310,288,278
1871,310,276,276
1872,310,272,276
1873,310,276,282
1874,310,288,292
1875,310,297,294
1876,310,297,290
1877,310,292,286
1878,310,282,282
1879,310,276,280
1880,310,277,280
1881,310,284,284
1882,310,289,286
1883,310,292,290
1884,310,286,292
1885,310,279,288
1886,310,274,287
1887,310,277,286
1888,310,280,286
1889,310,284,288
1890,310,284,290
1891,310,282,292
1892,310,282,294
1893,310,284,292
1894,310,280,286
1895,310,277,284
1896,310,274,282
1897,310,276,286
1898,310,280,292
1899,310,294,295
1900,310,300,292
1901,310,296,288
1902,310,282,278
1903,310,272,272
1904,310,270,274
1905,310,279,284
1906,310,288,293
1907,310,292,300
1908,310,292,295
1909,310,286,284
1910,310,280,271
1911,310,276,268
1912,310,272,276
1913,310,276,288
1914,310,288,298
1915,310,293,300
1916,310,292,295
1917,310,282,280
1918,311,276,268
1919,310,276,268
1920,309,280,278
1921,310,284,288
1922,310,288,300
1923,310,290,298
1924,310,286,292
1925,310,278,280
1926,310,276,274
1927,310,277,273
1928,310,279,280
1929,311,282,288
1930,309,286,295
1931,310,288,294
1932,310,288,288
1933,310,280,280
1934,310,271,279
1935,310,270,280
1936,310,277,282
1937,310,285,286
1938,310,288,290
1939,310,286,289
1940,310,280,285
1941,310,278,280
1942,310,276,277
1943,310,276,280
1944,310,279,284
1945,310,287,286
1946,310,289,286
1947,310,286,284
1948,310,279,282
1949,310,276,281
1950,310,280,281
1951,310,285,282
1952,310,286,285
1953,310,287,287
1954,310,286,284
1955,310,284,282
1956,310,281,280
1957,310,280,280
1958,310,281,284
1959,310,287,286
1960,310,289,286
1961,310,288,288
1962,310,286,288
1963,310,282,285
1964,310,280,282
1965,310,279,281
1966,310,282,282
1967,310,286,282
1968,310,294,282
1969,310,294,279
1970,310,288,276
1971,310,281,276
1972,310,279,279
1973,310,280,282
1974,310,284,285
1975,309,287,285
1976,310,288,284
1977,310,286,279
1978,311,284,276
1979,310,280,274
1980,309,282,280
1981,310,290,284
1982,310,292,286
1983,310,288,284
1984,310,280,279
1985,309,276,278
1986,310,280,278
1987,310,286,284
1988,310,286,286
1989,311,288,290
1990,309,289,286
1991,310,288,280
1992,310,284,274
1993,310,282,274
1994,310,280,278
1995,310,284,285
1996,310,286,288
1997,310,287,288
1998,310,288,286
1999,310,290,281
2000,310,288,276
2001,310,284,276
2002,310,282,278
2003,310,284,282
2004,310,290,284
2005,310,293,284
2006,310,292,282
2007,310,288,278
2008,310,284,276
2009,310,282,277
2010,310,284,282
2011,310,288,286
2012,310,295,288
2013,310,294,282
2014,310,290,278
2015,309,282,272
2016,310,282,274
2017,310,289,278
2018,310,295,284
2019,310,295,284
2020,310,288,282
2021,310,282,278
2022,310,278,278
2023,310,281,279
2024,310,286,281
2025,310,295,286
2026,310,297,288
2027,310,288,286
2028,310,272,284
2029,310,266,284
2030,310,272,284
2031,310,286,286
2032,310,296,288
2033,310,298,290
2034,310,292,292
2035,309,279,290
2036,310,273,284
2037,310,271,282
2038,311,278,280
2039,310,286,284
2040,310,294,288
2041,310,296,290
2042,310,294,288
2043,310,286,288
2044,310,282,284
2045,310,278,279
2046,310,278,276
2047,310,282,278
2048,310,289,282
2049,311,292,288
2050,310,292,290
2051,310,288,290
2052,310,284,284
2053,310,284,278
2054,310,288,276
2055,310,292,278
2056,310,294,286
2057,310,294,289
2058,310,289,290
2059,310,282,286
2060,310,279,282
2061,310,282,279
2062,310,289,284
2063,310,292,288
2064,310,292,292
2065,310,288,294
2066,310,284,292
2067,310,281,287
2068,310,279,284
2069,310,280,282
2070,310,279,288
2071,310,280,290
2072,310,281,292
2073,310,284,294
2074,310,292,290
2075,310,294,284
2076,310,288,282
2077,310,273,286
2078,310,264,288
2079,310,264,290
2080,310,280,292
2081,310,295,290
2082,310,300,287
2083,310,296,284
2084,310,282,280
2085,310,271,281
2086,310,268,282
2087,310,279,288
2088,310,289,292
2089,310,300,295
2090,310,296,289
2091,310,288,282
2092,310,276,276
2093,310,276,274
2094,310,280,276
2095,310,290,288
2096,310,297,296
2097,310,300,300
2098,311,294,292
2099,310,284,284
2100,310,271,274
2101,310,268,276
2102,310,272,279
2103,310,284,292
2104,310,292,302
2105,310,301,303
2106,310,300,294
2107,310,292,284
2108,310,274,274
2109,311,262,270
2110,309,263,279
2111,310,278,294
2112,310,295,302
2113,310,304,300
2114,310,302,292
2115,310,284,279
2116,310,269,268
2117,309,265,266
2118,310,273,279
2119,310,282,296
2120,310,295,302
2121,310,294,294
2122,310,284,284
2123,309,272,272
2124,310,270,269
2125,310,276,273
2126,310,286,288
2127,310,289,294
2128,310,288,296
2129,310,284,288
2130,310,278,282
2131,310,276,276
2132,310,276,276
2133,310,284,281
2134,310,288,290
2135,310,288,292
2136,310,285,288
2137,310,282,286
2138,310,282,284
2139,310,281,280
2140,310,280,280
2141,310,282,284
2142,310,285,290
2143,310,288,290
2144,310,288,288
2145,310,285,284
2146,310,279,280
2147,310,279,280
2148,310,279,282
2149,310,282,288
2150,310,286,289
2151,310,289,286
2152,310,286,282
2153,310,281,280
2154,310,276,279
2155,310,276,281
2156,310,284,284
2157,310,289,286
2158,311,288,284
2159,310,284,282
2160,310,280,280
2161,310,278,281
2162,310,280,284
2163,310,282,284
2164,310,285,284
2165,310,287,285
2166,310,285,282
2167,310,280,279
2168,310,280,280
2169,311,284,284
2170,310,285,286
2171,310,284,286
2172,310,281,284
2173,310,278,284
2174,310,280,284
2175,310,284,284
2176,310,285,286
2177,310,287,286
2178,310,287,286
2179,310,284,284
2180,310,282,282
2181,310,281,281
2182,310,281,282
2183,310,284,285
2184,310,286,287
2185,309,284,286
2186,310,285,284
2187,310,288,282
2188,310,290,281
2189,310,286,280
2190,310,284,278
2191,310,284,278
2192,310,286,279
2193,309,288,280
2194,310,288,280
2195,310,288,282
2196,310,288,284
2197,310,286,282
2198,310,284,279
2199,310,282,278
2200,310,284,278
2201,310,287,280
2202,310,289,282
2203,310,289,284
2204,310,288,284
2205,310,286,282
2206,310,284,279
2207,310,279,278
2208,310,278,279
2209,310,280,284
2210,310,286,288
2211,310,292,290
2212,310,292,287
2213,310,287,281
2214,310,284,276
2215,310,280,276
2216,310,280,280
2217,310,284,286
2218,311,288,290
2219,310,292,290
2220,310,290,286
2221,310,282,276
2222,310,279,274
2223,310,280,276
2224,310,284,284
2225,310,288,288
2226,310,293,290
2227,310,293,284
2228,310,288,278
2229,311,280,276
2230,309,276,276
2231,310,281,280
2232,310,292,282
2233,310,300,284
2234,310,301,282
2235,310,296,279
2236,310,284,276
2237,310,276,277
2238,310,272,280
2239,310,276,285
2240,310,280,288
2241,310,289,288
2242,310,290,285
2243,310,287,284
2244,310,285,285
2245,310,288,288
2246,310,288,288
2247,310,285,286
2248,310,282,284
2249,310,276,282
2250,310,279,282
2251,310,284,284
2252,310,287,292
2253,310,290,296
2254,310,292,294
2255,310,288,286
2256,310,284,280
2257,310,277,274
2258,310,276,278
2259,310,284,284
2260,310,292,290
2261,310,295,292
2262,310,295,286
2263,310,292,280
2264,310,282,278
2265,310,272,276
2266,310,270,280
2267,310,276,286
2268,310,288,292
2269,310,297,292
2270,310,301,288
2271,310,300,280
2272,310,290,272
2273,310,278,272
2274,310,269,278
2275,310,268,292
2276,310,273,296
2277,310,293,296
2278,311,303,292
2279,310,300,288
2280,310,284,282
2281,310,276,280
2282,310,271,280
2283,310,276,288
2284,310,282,292
2285,310,287,296
2286,310,290,292
2287,310,287,286
2288,310,281,282
2289,311,280,286
2290,310,284,288
2291,310,286,290
2292,310,285,290
2293,310,280,289
2294,310,277,286
2295,310,280,284
2296,310,285,282
2297,310,286,284
2298,310,287,290
2299,310,287,292
2300,310,284,288
2301,310,280,284
2302,310,280,282
2303,310,284,284
2304,310,288,286
2305,309,292,285
2306,310,289,281
2307,310,286,282
2308,310,281,284
2309,310,278,288
2310,310,278,288
2311,310,284,288
2312,310,292,288
2313,310,297,288
2314,310,294,284
2315,310,285,280
2316,310,276,281
2317,310,274,284
2318,310,278,285
2319,310,286,290
2320,310,292,290
2321,310,294,288
2322,310,292,284
2323,310,284,282
2324,310,274,282
2325,310,270,285
2326,310,274,288
2327,310,284,290
2328,310,288,290
2329,310,292,286
2330,310,289,282
2331,310,281,282
2332,310,276,284
2333,310,272,284
2334,310,276,286
2335,310,282,288
2336,310,286,288
2337,310,285,286
2338,311,284,284
2339,310,282,284
2340,310,280,284
2341,310,278,286
2342,310,279,284
2343,310,281,284
2344,310,286,282
2345,310,284,282
2346,310,280,284
2347,310,279,288
2348,310,281,288
2349,311,284,287
2350,310,284,284
2351,310,284,279
2352,310,282,276
2353,310,285,278
2354,310,285,281
2355,310,282,286
2356,310,282,290
2357,310,284,290
2358,310,285,286
2359,310,285,284
2360,310,284,279
2361,309,281,280
2362,310,284,280
2363,310,286,282
2364,310,285,284
2365,309,286,285
2366,310,286,284
2367,310,284,284
2368,310,281,286
2369,310,279,286
2370,310,278,285
2371,310,284,284
2372,310,285,282
2373,310,285,282
2374,310,286,281
2375,310,285,280
2376,310,284,280
2377,310,280,280
2378,310,280,284
2379,310,279,288
2380,310,282,290
2381,310,284,290
2382,310,282,287
2383,310,284,281
2384,310,286,276
2385,310,286,274
2386,310,284,276
2387,310,282,280
2388,310,281,286
2389,310,284,288
2390,310,286,288
2391,310,284,286
2392,310,282,286
2393,310,284,284
2394,310,284,282
2395,310,284,281
2396,310,285,278
2397,310,286,274
2398,311,292,272
2399,310,292,274
2400,310,288,276
2401,310,286,284
2402,310,286,288
2403,310,286,290
2404,310,284,286
2405,310,281,279
2406,310,280,271
2407,310,286,271
2408,310,292,274
2409,311,294,284
2410,310,294,289
2411,310,290,288
2412,310,282,280
2413,310,276,276
2414,309,278,274
2415,310,282,280
2416,310,292,288
2417,310,294,294
2418,310,289,292
2419,310,282,286
2420,310,280,276
2421,310,279,272
2422,310,282,274
2423,310,286,279
2424,310,292,286
2425,310,294,289
2426,310,292,288
2427,310,284,282
2428,310,279,278
2429,310,279,276
2430,310,282,278
2431,310,284,282
2432,310,284,286
2433,310,286,286
2434,310,288,284
2435,310,288,278
2436,310,288,274
2437,310,287,276
2438,310,288,279
2439,310,286,282
2440,310,284,286
2441,310,284,286
2442,310,287,284
2443,310,288,280
2444,310,288,280
2445,310,286,282
2446,310,285,284
2447,310,290,284
2448,310,290,282
2449,310,288,284
2450,310,284,282
2451,310,284,280
2452,310,286,280
2453,310,286,284
2454,310,284,286
2455,310,284,290
2456,310,288,289
2457,310,292,286
2458,311,288,284
2459,310,285,288
2460,310,281,290
2461,310,284,288
2462,310,288,286
2463,310,294,282
2464,310,294,282
2465,310,290,282
2466,310,280,284
2467,310,276,284
2468,310,280,290
2469,311,288,292
2470,310,295,290
2471,310,294,282
2472,310,288,278
2473,310,277,276
2474,310,278,280
2475,310,282,284
2476,310,289,288
2477,310,294,288
2478,310,296,286
2479,310,290,281
2480,310,281,277
2481,310,274,276
2482,310,272,284
2483,310,282,292
2484,310,289,296
2485,310,292,294
2486,310,292,288
2487,310,289,279
2488,310,285,276
2489,310,279,279
2490,310,277,284
2491,310,278,290
2492,310,287,294
2493,310,294,296
2494,310,292,292
2495,310,288,286
2496,310,278,280
2497,310,273,282
2498,310,274,286
2499,310,285,292
2500,310,292,295
2501,310,296,296
2502,310,290,289
2503,310,280,282
2504,310,272,280
2505,310,274,284
2506,310,278,287
2507,310,287,290
2508,310,294,290
2509,310,296,290
2510,310,289,287
2511,310,280,284
2512,310,272,282
2513,310,276,284
2514,310,286,284
2515,310,292,286
2516,310,288,288
2517,310,281,289
2518,311,278,288
2519,310,284,287
2520,310,289,286
2521,310,290,284
2522,310,287,284
2523,310,282,284
2524,310,278,284
2525,310,276,284
2526,310,279,286
2527,310,286,288
2528,310,288,292
2529,311,287,292
2530,310,282,290
2531,310,281,288
2532,310,282,285
2533,310,282,284
2534,310,281,286
2535,310,282,292
2536,310,284,292
2537,310,285,290
2538,310,285,284
2539,310,282,284
2540,310,276,286
2541,310,279,288
2542,310,284,288
2543,310,290,290
2544,310,292,290
2545,310,289,288
2546,310,284,280
2547,310,279,276
2548,310,278,276
2549,310,279,284
2550,310,286,289
2551,310,292,290
2552,310,290,288
2553,310,284,282
2554,310,278,280
2555,310,274,279
2556,310,277,282
2557,310,284,284
2558,310,292,292
2559,310,292,292
2560,310,284,286
2561,310,271,278
2562,310,268,277
2563,310,273,280
2564,310,284,288
2565,310,292,293
2566,310,292,295
2567,310,286,292
2568,310,276,286
2569,310,270,278
2570,309,268,277
2571,310,276,280
2572,310,284,287
2573,310,292,292
2574,310,292,294
2575,310,288,292
2576,310,277,284
2577,310,273,276
2578,311,270,274
2579,310,274,279
2580,310,280,285
2581,310,292,290
2582,310,295,292
2583,310,292,289
2584,310,282,279
2585,310,276,273
2586,310,272,272
2587,310,278,278
2588,310,284,284
2589,311,292,292
2590,310,294,292
2591,310,289,286
2592,310,279,277
2593,310,276,274
2594,310,278,276
2595,310,286,284
2596,310,292,289
2597,310,289,292
2598,310,286,290
2599,310,281,284
2600,310,278,278
2601,310,278,278
2602,310,282,282
2603,310,286,288
2604,310,292,292
2605,310,289,290
2606,310,282,286
2607,310,277,282
2608,310,278,279
2609,310,279,280
2610,310,284,282
2611,310,288,282
2612,310,294,280
2613,310,294,276
2614,310,292,276
2615,310,282,276
2616,310,278,280
2617,310,281,284
2618,310,284,284
2619,310,284,282
2620,310,285,276
2621,310,286,270
2622,310,290,272
2623,310,292,280
2624,310,290,284
2625,310,286,289
2626,310,282,284
2627,310,278,277
2628,310,276,272
2629,310,278,276
2630,310,287,284
2631,310,293,294
2632,310,293,295
2633,310,286,286
2634,310,282,276
2635,309,278,270
2636,310,279,272
2637,310,282,279
2638,311,290,292
2639,310,294,294
2640,310,293,292
2641,310,284,284
2642,310,276,276
2643,310,274,272
2644,310,284,274
2645,310,292,278
2646,310,294,286
2647,310,294,286
2648,310,289,282
2649,311,285,276
2650,310,282,274
2651,310,280,276
2652,310,281,280
2653,310,292,282
2654,310,294,281
2655,310,292,279
2656,310,286,276
2657,310,284,276
2658,310,285,276
2659,310,288,282
2660,310,289,284
2661,310,287,286
2662,310,287,282
2663,310,284,277
2664,310,281,274
2665,309,280,276
2666,310,279,282
2667,310,278,290
2668,310,278,292
2669,310,280,290
2670,309,284,288
2671,310,292,286
2672,310,294,286
2673,310,292,288
2674,310,286,292
2675,310,284,294
2676,310,280,292
2677,310,280,284
2678,310,282,280
2679,310,288,282
2680,310,295,286
2681,310,298,286
2682,310,294,286
2683,310,292,286
2684,310,287,286
2685,310,285,284
2686,310,284,284
2687,310,284,281
2688,310,282,280
2689,310,288,280
2690,310,295,278
2691,310,298,278
2692,310,292,285
2693,310,284,289
2694,310,276,288
2695,310,276,280
2696,310,282,276
2697,310,292,280
2698,311,296,290
2699,310,294,293
2700,310,285,288
2701,310,281,282
2702,310,278,278
2703,310,279,280
2704,310,284,284
2705,310,292,294
2706,310,294,300
2707,310,290,300
2708,310,282,292
2709,311,276,285
2710,310,268,279
2711,310,269,280
2712,310,276,284
2713,310,292,292
2714,310,301,294
2715,310,302,292
2716,310,290,290
2717,310,274,288
2718,310,258,280
2719,310,260,281
2720,310,280,286
2721,310,301,292
2722,310,308,292
2723,310,306,286
2724,310,294,282
2725,310,276,280
2726,310,264,280
2727,310,264,282
2728,310,278,288
2729,310,293,288
2730,310,300,288
2731,310,295,286
2732,310,289,287
2733,310,282,286
2734,310,282,286
2735,310,281,284
2736,310,279,282
2737,310,280,281
2738,310,284,280
2739,310,287,284
2740,310,288,289
2741,310,286,294
2742,310,284,293
2743,310,279,292
2744,310,276,289
2745,310,274,285
2746,310,280,284
2747,310,288,284
2748,310,289,286
2749,310,282,292
2750,310,278,292
2751,310,276,292
2752,310,280,290
2753,310,282,290
2754,310,284,287
2755,310,282,286
2756,310,284,284
2757,310,284,284
2758,311,284,288
2759,310,285,292
2760,310,286,288
2761,310,286,282
2762,310,284,278
2763,310,284,276
2764,310,282,282
2765,310,286,289
2766,310,286,294
2767,310,284,294
2768,310,282,287
2769,311,282,276
2770,310,285,270
2771,310,288,270
2772,310,292,280
2773,310,290,292
2774,310,288,296
2775,310,279,292
2776,310,272,284
2777,310,270,276
2778,310,277,274
2779,310,287,280
2780,310,294,293
2781,310,294,298
2782,310,286,296
2783,310,278,284
2784,310,270,276
2785,310,266,272
2786,310,270,278
2787,310,284,290
2788,310,292,300
2789,310,293,301
2790,310,285,292
2791,310,277,280
2792,310,271,273
2793,309,271,272
2794,310,274,277
2795,310,284,290
2796,310,290,296
2797,310,290,294
2798,310,284,285
2799,310,279,278
2800,310,273,274
2801,310,276,276
2802,310,281,280
2803,310,287,288
2804,310,290,290
2805,310,292,286
2806,310,285,279
2807,311,280,276
2808,309,277,276
2809,310,279,280
2810,310,288,284
2811,310,293,288
2812,310,292,288
2813,310,286,285
2814,310,284,280
2815,310,280,280
2816,310,278,284
2817,310,279,286
2818,310,286,287
2819,310,292,286
2820,311,292,285
2821,310,284,284
2822,310,280,284
2823,310,279,284
2824,310,282,281
2825,310,284,280
2826,310,290,279
2827,310,292,278
2828,310,292,280
2829,310,286,284
2830,310,279,284
2831,311,276,284
2832,310,279,281
2833,310,284,278
2834,310,288,276
2835,310,290,278
2836,310,290,280
2837,310,288,282
2838,310,284,284
2839,310,278,282
2840,310,278,282
2841,310,281,280
2842,310,285,278
2843,310,286,280
2844,310,288,284
2845,310,288,286
2846,310,290,286
2847,310,288,281
2848,310,284,277
2849,310,279,277
2850,310,282,281
2851,310,285,284
2852,310,287,288
2853,310,288,288
2854,310,287,285
2855,309,286,280
2856,310,287,278
2857,310,287,278
2858,310,287,282
2859,310,288,286
2860,310,287,284
2861,310,286,280
2862,310,287,276
2863,310,288,274
2864,310,288,277
2865,309,286,284
2866,310,286,284
2867,310,284,286
2868,310,288,284
2869,310,290,281
2870,310,288,276
2871,310,288,273
2872,310,288,274
2873,310,289,279
2874,310,290,284
2875,310,290,286
2876,310,290,286
2877,310,290,282
2878,310,288,272
2879,310,285,270
2880,311,286,272
2881,310,290,280
2882,310,295,287
2883,310,294,294
2884,310,286,294
2885,310,270,292
2886,310,263,284
2887,310,263,282
2888,310,274,284
2889,310,284,288
2890,310,297,292
2891,311,298,293
2892,310,292,292
2893,310,282,284
2894,310,276,280
2895,310,274,280
2896,310,278,284
2897,310,282,286
2898,310,292,290
2899,310,295,290
2900,310,295,288
2901,310,288,282
2902,310,285,277
2903,310,284,276
2904,310,286,282
2905,310,289,286
2906,310,290,286
2907,310,292,284
2908,310,292,278
2909,310,290,276
2910,310,284,277
2911,310,281,286
2912,310,282,292
2913,310,290,294
2914,310,294,292
2915,310,290,284
2916,310,284,276
2917,310,281,274
2918,310,280,280
2919,310,284,294
2920,310,290,298
2921,310,297,297
2922,310,294,290
2923,310,284,284
2924,310,266,278
2925,310,263,282
2926,310,276,288
2927,310,292,298
2928,310,300,300
2929,310,300,296
2930,310,292,288
2931,310,279,281
2932,310,269,274
2933,310,266,274
2934,310,277,288
2935,310,290,298
2936,310,296,300
2937,310,292,293
2938,310,284,285
2939,310,274,276
2940,311,276,276
2941,310,280,279
2942,310,288,288
2943,310,290,292
2944,310,288,290
2945,310,279,284
2946,310,270,280
2947,310,270,280
2948,310,282,285
2949,310,298,292
2950,310,303,294
2951,311,297,290
2952,310,282,284
2953,310,276,276
2954,310,276,274
2955,310,284,282
2956,310,290,290
2957,310,293,297
2958,310,288,294
2959,310,280,290
2960,310,276,284
2961,310,278,284
2962,310,289,286
2963,310,292,290
2964,310,288,293
2965,310,278,292
2966,310,273,282
2967,310,274,276
2968,310,284,278
2969,310,289,284
2970,309,292,296
2971,310,288,296
2972,310,279,290
2973,310,269,276
2974,310,268,272
2975,309,276,276
2976,310,287,286
2977,310,294,292
2978,310,295,293
2979,310,290,288
2980,310,278,280
2981,310,268,268
2982,310,263,268
2983,310,274,280
2984,310,288,294
2985,310,300,302
2986,310,298,298
2987,310,288,288
2988,310,269,274
2989,310,264,266
2990,309,268,268
2991,310,279,284
2992,310,290,298
2993,310,303,304
2994,310,300,300
2995,310,286,290
2996,310,266,274
2997,310,258,271
2998,310,266,278
2999,310,284,292
3000,311,296,298
3001,310,303,294
3002,310,297,284
3003,310,284,276
3004,310,271,271
3005,310,268,274
3006,310,272,284
3007,310,282,294
3008,310,288,296
3009,310,292,290
3010,310,293,284
3011,311,290,276
3012,310,281,276
3013,310,276,278
3014,310,272,282
3015,310,276,284
3016,310,287,282
3017,310,292,282
3018,310,290,282
3019,310,284,285
3020,310,280,286
3021,310,278,286
3022,310,276,284
3023,310,276,282
3024,310,281,278
3025,310,288,276
3026,310,292,277
3027,310,288,280
3028,310,282,286
3029,310,278,292
3030,310,278,294
3031,310,277,292
3032,310,284,282
3033,310,287,279
3034,310,288,280
3035,310,284,284
3036,310,281,284
3037,310,286,284
3038,310,292,282
3039,310,290,282
3040,310,282,285
3041,310,278,286
3042,310,278,286
3043,310,286,284
3044,310,292,282
3045,310,289,278
3046,310,286,278
3047,310,286,278
3048,310,288,280
3049,310,289,280
3050,310,288,281
3051,310,286,281
3052,310,282,280
3053,310,281,279
3054,310,281,278
3055,310,288,280
3056,310,293,282
3057,310,292,284
3058,310,286,284
3059,310,284,284
3060,311,282,280
3061,310,284,277
3062,310,286,278
3063,310,284,282
3064,310,284,288
3065,310,286,288
3066,310,288,286
3067,310,287,284
3068,310,286,280
3069,310,284,279
3070,310,284,280
3071,311,282,284
3072,310,284,284
3073,310,288,286
3074,310,292,287
3075,310,288,284
3076,310,280,279
3077,310,279,276
3078,310,282,276
3079,310,286,281
3080,310,288,284
3081,310,288,288
3082,310,287,288
3083,310,288,284
3084,310,288,276
3085,310,285,272
3086,310,284,276
3087,310,286,282
3088,310,288,286
3089,310,292,287
3090,310,292,284
3091,310,294,276
3092,310,296,272
3093,309,293,272
3094,310,286,278
3095,310,284,284
3096,310,284,288
3097,310,282,292
3098,310,278,290
3099,310,276,286
3100,310,276,284
3101,310,288,284
3102,310,295,288
3103,310,296,290
3104,310,290,290
3105,310,280,288
3106,310,270,284
3107,310,268,281
3108,310,273,280
3109,310,288,285
3110,310,300,292
3111,310,300,294
3112,310,288,290
3113,310,280,284
3114,310,276,280
3115,310,277,280
3116,310,282,282
3117,310,288,286
3118,310,290,284
3119,310,292,282
3120,311,289,280
3121,310,288,279
3122,310,292,280
3123,310,293,280
3124,310,288,282
3125,310,278,288
3126,310,274,288
3127,310,278,284
3128,310,292,280
3129,310,298,278
3130,309,294,282
3131,311,288,288
3132,310,279,292
3133,310,278,292
3134,310,280,288
3135,310,287,282
3136,310,289,278
3137,310,290,278
3138,310,286,286
3139,310,284,292
3140,310,282,300
3141,310,282,300
3142,310,278,294
3143,310,274,282
3144,310,276,276
3145,310,288,277
3146,310,298,288
3147,310,300,296
3148,310,286,300
3149,310,276,296
3150,309,264,286
3151,310,268,278
3152,310,277,276
3153,310,294,281
3154,310,300,290
3155,310,298,294
3156,310,286,290
3157,310,276,284
3158,310,272,280
3159,310,278,278
3160,310,284,279
3161,310,286,284
3162,310,284,288
3163,310,284,290
3164,310,287,290
3165,310,290,290
3166,310,290,284
3167,310,286,278
3168,310,280,274
3169,310,278,278
3170,310,282,285
3171,310,292,296
3172,310,298,300
3173,310,300,296
3174,310,286,286
3175,310,274,276
3176,310,268,272
3177,310,277,279
3178,310,290,288
3179,310,300,298
3180,311,301,298
3181,310,289,292
3182,310,274,280
3183,310,265,274
3184,310,266,276
3185,310,272,286
3186,310,290,294
3187,310,295,296
3188,310,292,295
3189,310,284,288
3190,309,277,280
3191,311,272,276
3192,310,270,276
3193,310,271,280
3194,310,278,288
3195,310,290,292
3196,310,294,294
3197,310,290,290
3198,310,284,284
3199,310,276,278
3200,310,271,276
3201,310,270,278
3202,310,278,284
3203,310,284,290
3204,310,296,292
3205,310,294,288
3206,310,285,284
3207,310,274,279
3208,310,274,279
3209,310,278,282
3210,310,284,288
3211,310,288,290
3212,310,288,290
3213,310,287,284
3214,310,284,278
3215,310,282,279
3216,310,284,284
3217,310,288,286
3218,310,286,290
3219,310,284,290
3220,310,279,284
3221,310,278,278
3222,310,284,276
3223,310,288,282
3224,310,286,288
3225,310,284,292
3226,310,288,285
3227,310,290,278
3228,310,284,276
3229,310,276,281
3230,310,266,288
3231,310,272,288
3232,310,284,284
3233,310,300,278
3234,310,302,278
3235,309,294,279
3236,310,279,284
3237,310,268,286
3238,310,265,284
3239,310,269,284
3240,311,280,286
3241,310,288,288
3242,310,292,286
3243,310,294,280
3244,310,294,274
3245,310,288,274
3246,310,276,282
3247,310,270,288
3248,310,270,292
3249,310,279,288
3250,310,288,284
3251,311,295,277
3252,310,296,279
3253,310,294,282
3254,310,288,283
3255,310,284,280
3256,310,278,274
3257,310,279,273
3258,310,286,276
3259,310,294,280
3260,310,295,282
3261,310,294,288
3262,310,290,286
3263,310,284,282
3264,310,276,276
3265,310,276,274
3266,310,282,274
3267,310,289,280
3268,310,292,284
3269,310,290,286
3270,310,288,288
3271,310,284,285
3272,310,282,279
3273,310,279,276
3274,310,278,278
3275,310,280,282
3276,310,287,286
3277,310,292,288
3278,310,292,286
3279,310,286,284
3280,310,280,280
3281,310,276,277
3282,310,276,277
3283,310,280,280
3284,310,287,285
3285,309,290,289
3286,310,292,288
3287,310,288,281
3288,310,287,276
3289,310,284,274
3290,309,280,276
3291,310,277,280
3292,310,280,286
3293,310,286,287
3294,310,292,285
3295,310,294,280
3296,310,292,274
3297,310,285,276
3298,310,284,280
3299,310,282,284
3300,311,282,285
3301,310,284,284
3302,310,288,281
3303,310,289,282
3304,310,288,282
3305,310,286,283
3306,310,284,286
3307,310,285,286
3308,310,284,284
3309,310,282,280
3310,310,284,278
3311,311,288,280
3312,310,290,284
3313,310,288,292
3314,310,285,292
3315,310,281,292
3316,309,284,288
3317,310,285,284
3318,310,288,280
3319,310,290,282
3320,310,292,284
3321,310,290,288
3322,310,286,289
3323,310,282,286
3324,310,280,285
3325,310,284,284
3326,310,285,282
3327,310,286,282
3328,310,290,284
3329,310,292,286
3330,310,289,286
3331,310,282,286
3332,310,277,282
3333,310,274,281
3334,310,280,281
3335,310,287,281
3336,310,294,284
3337,310,294,288
3338,310,289,290
3339,310,284,286
3340,310,280,284
3341,310,282,284
3342,310,284,286
3343,310,288,286
3344,310,292,282
3345,310,289,280
3346,310,285,284
3347,310,282,290
3348,310,280,294
3349,310,284,294
3350,309,284,290
3351,310,284,286
3352,310,286,284
3353,310,286,280
3354,310,286,282
3355,310,286,288
3356,310,282,293
3357,310,278,292
3358,310,276,289
3359,310,282,284
3360,311,287,284
3361,310,292,287
3362,310,287,292
3363,310,280,292
3364,310,274,286
3365,310,276,284
3366,310,279,284
3367,310,288,286
3368,310,294,288
3369,310,295,290
3370,310,288,290
3371,311,278,286
3372,310,268,280
3373,310,270,280
3374,310,282,282
3375,310,293,292
3376,310,296,296
3377,310,292,292
3378,310,286,282
3379,310,278,276
3380,310,276,277
3381,310,276,280
3382,310,284,290
3383,310,292,294
3384,310,293,295
3385,310,288,290
3386,310,285,285
3387,310,280,280
3388,310,277,280
3389,310,276,284
3390,310,278,292
3391,310,284,294
3392,310,294,292
3393,310,296,289
3394,310,290,288
3395,310,279,285
3396,310,274,284
3397,310,276,282
3398,310,282,286
3399,310,288,288
3400,310,292,292
3401,310,292,290
3402,310,284,286
3403,310,273,282
3404,309,271,282
3405,311,277,285
3406,311,284,288
3407,311,289,288
3408,311,290,286
3409,311,288,284
3410,311,286,281
3411,311,279,280
3412,311,274,281
3413,311,271,284
3414,311,276,286
3415,311,285,288
3416,311,292,287
3417,311,292,285
3418,311,284,284
3419,311,282,282
3420,311,278,280
3421,311,276,282
3422,310,276,288
3423,310,282,290
3424,310,287,289
3425,310,290,286
3426,310,286,280
3427,310,281,279
3428,310,279,281
3429,310,279,286
3430,310,279,290
3431,311,282,292
3432,310,284,289
3433,310,284,284
3434,310,282,278
3435,310,281,276
3436,310,279,280
3437,310,282,287
3438,310,284,292
3439,310,280,294
3440,310,280,290
3441,310,284,282
3442,310,284,274
3443,310,286,271
3444,310,286,274
3445,309,284,284
3446,310,286,292
3447,310,284,294
3448,310,280,292
3449,310,279,284
3450,310,280,276
3451,310,284,274
3452,310,286,278
3453,310,288,284
3454,310,289,292
3455,310,289,292
3456,310,284,288
3457,310,276,279
3458,310,274,276
3459,310,279,277
3460,310,286,284
3461,310,290,290
3462,310,290,295
3463,310,286,290
3464,310,282,284
3465,310,279,276
3466,310,277,273
3467,310,284,276
3468,310,292,282
3469,310,296,284
3470,309,294,282
3471,310,290,278
3472,310,282,277
3473,310,282,278
3474,310,284,280
3475,309,285,280
3476,310,288,280
3477,310,290,278
3478,310,289,276
3479,310,286,276
3480,311,285,281
3481,310,284,284
3482,310,284,284
3483,310,284,281
3484,310,279,277
3485,310,281,277
3486,310,288,281
3487,310,292,286
3488,310,290,290
3489,310,286,289
3490,310,277,284
3491,311,276,276
3492,310,278,274
3493,310,285,276
3494,310,290,284
3495,310,293,288
3496,310,289,288
3497,310,282,284
3498,310,276,278
3499,310,278,277
3500,310,284,278
3501,310,288,282
3502,310,289,282
3503,310,288,284
3504,310,289,280
3505,310,288,278
3506,310,284,276
3507,310,284,278
3508,310,284,280
3509,310,288,280
3510,310,292,280
3511,310,295,278
3512,310,294,277
3513,310,292,276
3514,310,286,277
3515,310,280,278
3516,310,278,284
3517,310,282,286
3518,310,289,286
3519,310,292,284
3520,310,289,278
3521,310,284,278
3522,310,282,280
3523,310,280,284
3524,310,279,285
3525,310,280,285
3526,310,281,285
3527,310,284,284
3528,310,286,285
3529,310,288,288
3530,310,288,294
3531,310,290,296
3532,310,289,292
3533,310,286,288
3534,310,284,280
3535,310,286,278
3536,310,288,280
3537,310,292,285
3538,310,292,286
3539,310,288,289
3540,311,288,288
3541,310,284,285
3542,310,284,280
3543,310,286,279
3544,310,290,280
3545,310,292,284
3546,310,289,286
3547,310,286,284
3548,310,284,282
3549,310,287,280
3550,310,287,278
3551,311,284,278
3552,310,284,282
3553,310,286,284
3554,310,290,285
3555,310,292,288
3556,310,293,288
3557,310,288,289
3558,310,284,288
3559,310,276,286
3560,309,272,284
3561,310,276,282
3562,310,290,282
3563,310,300,288
3564,310,300,293
3565,310,290,297
3566,310,278,296
3567,310,268,290
3568,310,269,281
3569,310,274,278
3570,310,286,280
3571,310,292,290
3572,310,292,296
3573,310,287,297
3574,310,284,292
3575,310,282,284
3576,310,282,279
3577,310,278,278
3578,310,272,282
3579,310,274,288
3580,310,284,292
3581,310,294,294
3582,310,298,294
3583,310,294,284
3584,310,287,276
3585,310,279,274
3586,310,274,279
3587,310,272,284
3588,310,278,292
3589,310,286,294
3590,310,292,294
3591,310,290,290
3592,310,289,286
3593,310,286,284
3594,310,285,284
3595,310,284,286
3596,310,279,286
3597,310,278,286
3598,310,282,284
3599,310,286,286
3600,311,288,290
3601,310,288,293
3602,310,286,292
3603,310,284,288
3604,310,280,284
3605,310,278,282
3606,310,280,284
3607,310,282,286
3608,310,282,289
3609,310,280,292
3610,310,280,292
3611,311,286,290
3612,310,287,286
3613,310,284,284
3614,310,276,282
3615,310,271,284
3616,310,274,286
3617,310,284,290
3618,310,290,292
3619,310,298,292
3620,310,297,285
3621,310,290,279
3622,310,276,273
3623,310,269,272
3624,310,268,284
3625,310,280,294
3626,310,290,300
3627,310,296,298
3628,310,294,288
3629,310,286,276
3630,309,277,268
3631,310,274,268
3632,310,278,278
3633,310,284,292
3634,310,292,298
3635,310,288,296
3636,310,280,290
3637,310,272,276
3638,310,274,274
3639,310,281,277
3640,310,290,288
3641,310,292,294
3642,310,286,296
3643,310,281,289
3644,310,276,282
3645,310,272,274
3646,310,276,276
3647,310,282,282
3648,310,287,292
3649,310,288,296
3650,310,284,290
3651,310,278,284
3652,310,273,280
3653,310,272,278
3654,310,276,278
3655,310,286,284
3656,310,290,288
3657,310,288,288
3658,310,280,286
3659,310,276,281
3660,311,272,278
3661,310,279,280
3662,310,285,282
3663,310,290,284
3664,310,292,286
3665,310,288,286
3666,310,280,284
3667,310,276,284
3668,310,276,280
3669,310,281,280
3670,310,292,282
3671,311,294,284
3672,310,292,284
3673,310,284,284
3674,310,281,284
3675,309,278,286
3676,310,278,286
3677,310,281,284
3678,310,286,284
3679,310,292,284
3680,310,292,285
3681,310,286,282
3682,310,284,280
3683,310,284,278
3684,310,284,277
3685,310,284,278
3686,310,286,282
3687,310,287,285
3688,310,288,286
3689,310,284,284
3690,310,278,278
3691,310,278,276
3692,310,282,276
3693,310,288,280
3694,310,292,286
3695,310,292,286
3696,310,287,284
3697,310,280,278
3698,310,276,274
3699,310,276,274
3700,309,280,282
3701,310,292,290
3702,310,294,294
3703,310,290,292
3704,310,282,282
3705,309,278,272
3706,310,279,270
3707,310,284,276
3708,310,287,282
3709,310,292,292
3710,310,292,292
3711,310,288,286
3712,310,279,276
3713,310,276,272
3714,310,281,274
3715,310,288,282
3716,310,293,289
3717,310,292,292
3718,310,288,288
3719,310,286,280
3720,311,282,272
3721,310,281,270
3722,310,286,274
3723,310,292,282
3724,310,298,287
3725,310,298,288
3726,310,294,284
3727,310,286,280
3728,310,284,276
3729,310,281,273
3730,309,284,276
3731,311,288,282
3732,310,292,288
3733,310,292,288
3734,310,292,285
3735,310,287,276
3736,310,284,271
3737,310,286,271
3738,310,288,278
3739,310,288,284
3740,310,288,294
3741,310,287,294
3742,310,280,290
3743,310,271,283
3744,310,268,279
3745,310,268,284
3746,310,280,290
3747,310,292,294
3748,310,300,293
3749,310,301,290
3750,310,288,285
3751,310,273,280
3752,309,264,278
3753,310,268,280
3754,310,276,288
3755,310,297,295
3756,310,306,296
3757,310,304,290
3758,310,292,278
3759,310,282,270
3760,310,274,268
3761,310,277,276
3762,310,284,284
3763,310,296,293
3764,310,301,294
3765,310,296,288
3766,310,284,278
3767,310,278,272
3768,310,277,272
3769,310,284,284
3770,309,288,292
3771,310,296,296
3772,310,296,292
3773,310,292,286
3774,310,280,278
3775,310,271,276
3776,310,272,282
3777,310,282,292
3778,310,294,298
3779,310,302,300
3780,311,300,294
3781,310,284,286
3782,310,268,280
3783,310,260,277
3784,310,266,282
3785,310,280,292
3786,310,304,296
3787,310,308,296
3788,310,300,294
3789,310,277,289
3790,310,266,284
3791,311,265,282
3792,310,274,284
3793,310,280,285
3794,310,288,286
3795,310,293,282
3796,310,293,282
3797,310,288,284
3798,310,284,288
3799,310,278,290
3800,310,273,288
3801,310,272,284
3802,310,276,282
3803,310,284,284
3804,310,300,286
3805,310,301,289
3806,310,293,290
3807,310,276,288
3808,310,268,282
3809,310,272,276
3810,310,286,278
3811,310,294,282
3812,310,300,292
3813,310,297,296
3814,310,286,296
3815,310,272,294
3816,310,270,290
3817,310,279,281
3818,310,290,276
3819,310,294,278
3820,310,286,282
3821,310,281,288
3822,310,284,292
3823,310,290,294
3824,310,289,293
3825,310,280,288
3826,310,274,282
3827,310,270,278
3828,310,276,278
3829,310,284,280
3830,310,296,289
3831,310,300,290
3832,310,292,286
3833,310,274,280
3834,310,266,279
3835,310,268,280
3836,310,279,282
3837,310,288,285
3838,310,290,290
3839,310,286,290
3840,311,282,285
3841,310,279,279
3842,310,276,278
3843,310,278,282
3844,310,280,284
3845,310,284,288
3846,310,284,290
3847,310,282,290
3848,310,281,288
3849,310,284,284
3850,310,282,280
3851,311,278,279
3852,310,279,284
3853,310,286,290
3854,310,292,293
3855,310,290,292
3856,310,280,284
3857,310,272,278
3858,310,270,276
3859,310,279,279
3860,310,288,285
3861,310,300,296
3862,310,300,295
3863,310,288,288
3864,310,272,274
3865,309,265,268
3866,310,268,272
3867,310,282,287
3868,310,294,294
3869,310,302,294
3870,310,300,288
3871,310,286,282
3872,310,271,274
3873,310,266,270
3874,310,273,268
3875,310,280,280
3876,310,290,293
3877,310,294,302
3878,310,294,298
3879,310,289,286
3880,310,279,276
3881,310,268,271
3882,310,266,271
3883,310,274,276
3884,310,292,288
3885,310,300,300
3886,310,296,300
3887,310,284,286
3888,310,278,276
3889,310,271,271
3890,310,270,276
3891,310,276,284
3892,310,292,294
3893,310,300,296
3894,310,300,292
3895,310,288,284
3896,310,276,276
3897,310,270,270
3898,310,276,274
3899,310,285,281
3900,311,293,292
3901,310,296,293
3902,310,294,286
3903,309,287,276
3904,310,280,272
3905,310,277,273
3906,310,279,280
3907,310,289,284
3908,310,293,285
3909,310,292,284
3910,310,289,280
3911,311,286,276
3912,310,284,276
3913,310,282,279
3914,310,280,282
3915,310,284,286
3916,310,289,284
3917,310,292,282
3918,310,292,280
3919,310,288,280
3920,310,282,280
3921,310,280,284
3922,310,280,284
3923,310,284,282
3924,310,288,282
3925,310,292,280
3926,310,288,281
3927,310,282,282
3928,310,278,284
3929,310,281,284
3930,310,287,284
3931,310,292,282
3932,310,292,280
3933,310,284,281
3934,310,281,284
3935,310,278,284
3936,310,278,284
3937,310,282,280
3938,310,290,278
3939,310,292,278
3940,310,292,280
3941,310,288,286
3942,310,286,288
3943,310,288,286
3944,310,287,276
3945,310,286,272
3946,310,289,270
3947,310,293,276
3948,310,294,284
3949,310,293,294
3950,310,292,292
3951,310,286,284
3952,310,284,272
3953,310,281,268
3954,310,278,274
3955,310,278,284
3956,310,286,296
3957,310,288,300
3958,310,287,298
3959,310,280,286
3960,311,276,278
3961,310,278,274
3962,310,284,278
3963,310,288,284
3964,310,292,296
3965,310,292,297
3966,310,286,292
3967,310,278,282
3968,310,273,276
3969,310,274,276
3970,310,284,284
3971,311,294,290
3972,310,300,293
3973,310,300,288
3974,310,293,280
3975,310,284,276
3976,310,276,276
3977,310,272,278
3978,310,277,284
3979,310,292,288
3980,310,300,288
3981,310,298,284
3982,310,292,280
3983,310,284,278
3984,310,276,279
3985,310,273,282
3986,310,277,287
3987,310,286,290
3988,310,294,288
3989,310,296,284
3990,310,288,282
3991,310,282,284
3992,310,278,284
3993,310,281,286
3994,310,282,289
3995,310,284,290
3996,310,281,288
3997,310,282,285
3998,310,282,284
3999,310,282,286
4000,310,286,294
4001,310,292,294
4002,310,292,290
4003,310,284,284
4004,310,278,284
4005,310,274,284
4006,310,278,286
4007,310,285,286
4008,310,290,288
4009,310,289,292
4010,310,285,290
4011,310,282,284
4012,310,280,281
4013,310,284,284
4014,310,285,286
4015,310,286,287
4016,310,284,286
4017,310,280,282
4018,310,281,282
4019,310,286,284
4020,311,290,284
4021,310,288,286
4022,310,285,288
4023,310,282,288
4024,310,282,288
4025,310,284,288
4026,310,284,285
4027,310,284,284
4028,310,288,282
4029,310,288,282
4030,310,286,282
4031,311,286,288
4032,310,288,292
4033,310,288,290
4034,310,284,285
4035,310,277,281
4036,310,271,281
4037,310,277,284
4038,310,285,286
4039,310,292,292
4040,310,294,293
4041,310,287,288
4042,310,278,279
4043,310,271,276
4044,310,270,278
4045,310,272,286
4046,310,284,292
4047,310,292,295
4048,310,290,294
4049,310,285,288
4050,310,280,284
4051,310,276,280
4052,310,276,276
4053,310,276,277
4054,310,280,284
4055,310,284,292
4056,310,286,294
4057,310,286,290
4058,310,285,288
4059,310,282,284
4060,310,278,280
4061,310,274,279
4062,310,276,282
4063,310,279,288
4064,310,288,290
4065,310,290,288
4066,310,286,284
4067,310,281,278
4068,310,280,279
4069,310,281,282
4070,310,284,288
4071,310,284,288
4072,310,284,288
4073,310,284,286
4074,310,279,284
4075,310,278,280
4076,310,282,280
4077,310,293,282
4078,309,296,285
4079,310,290,287
4080,311,278,284
4081,310,272,282
4082,310,276,281
4083,310,282,284
4084,310,286,284
4085,310,290,290
4086,310,290,288
4087,310,286,284
4088,310,280,280
4089,310,277,276
4090,310,277,276
4091,311,280,282
4092,310,282,285
4093,310,284,288
4094,310,286,289
4095,310,286,286
4096,310,282,284
4097,310,278,281
4098,310,277,278
4099,310,278,278
4100,310,284,281
4101,310,286,287
4102,310,284,288
4103,310,285,288
4104,310,286,282
4105,309,285,277
4106,310,282,277
4107,310,281,281
4108,310,281,287
4109,310,284,290
4110,310,287,288
4111,310,287,280
4112,310,288,274
4113,310,292,270
4114,310,292,271
4115,310,289,276
4116,310,286,284
4117,310,286,286
4118,310,286,285
4119,310,281,282
4120,310,276,278
4121,310,280,278
4122,310,289,279
4123,310,297,279
4124,310,298,280
4125,310,294,282
4126,310,282,280
4127,310,274,278
4128,310,272,278
4129,310,277,284
4130,310,284,290
4131,310,294,292
4132,310,296,286
4133,310,292,281
4134,310,284,276
4135,310,280,276
4136,310,279,280
4137,310,281,286
4138,310,281,286
4139,310,284,286
4140,311,288,281
4141,310,290,278
4142,310,286,280
4143,310,285,284
4144,310,284,285
4145,310,282,282
4146,310,282,280
4147,310,282,276
4148,310,282,278
4149,310,288,280
4150,310,292,284
4151,311,290,285
4152,310,286,284
4153,310,285,280
4154,310,285,276
4155,310,286,278
4156,310,286,280
4157,310,286,285
4158,310,288,288
4159,310,288,288
4160,310,286,284
4161,310,286,280
4162,310,286,277
4163,310,284,278
4164,310,284,282
4165,310,288,288
4166,310,290,290
4167,310,296,288
4168,310,292,280
4169,310,282,278
4170,310,273,280
4171,310,276,288
4172,310,285,294
4173,310,297,296
4174,310,300,292
4175,310,290,284
4176,310,280,276
4177,310,276,274
4178,310,278,282
4179,310,286,292
4180,310,295,298
4181,310,292,294
4182,310,284,286
4183,310,274,274
4184,310,276,273
4185,310,290,278
4186,310,302,290
4187,310,302,293
4188,310,292,292
4189,310,280,282
4190,310,271,274
4191,310,273,273
4192,310,278,278
4193,310,290,288
4194,310,296,296
4195,310,295,295
4196,310,288,284
4197,310,284,276
4198,310,284,274
4199,310,284,282
4200,311,281,288
4201,310,280,294
4202,310,280,293
4203,310,284,288
4204,310,288,282
4205,310,288,279
4206,310,288,282
4207,310,290,286
4208,310,289,290
4209,310,286,294
4210,310,284,292
4211,311,278,286
4212,310,278,278
4213,310,279,276
4214,310,284,280
4215,310,287,292
4216,310,292,298
4217,310,292,298
4218,310,288,294
4219,310,280,282
4220,310,274,276
4221,310,274,276
4222,310,280,285
4223,310,285,290
4224,310,292,298
4225,310,292,294
4226,310,285,287
4227,310,274,277
4228,310,271,277
4229,310,276,284
4230,310,286,292
4231,310,292,294
4232,310,292,290
4233,310,289,287
4234,310,282,282
4235,310,276,280
4236,310,274,281
4237,310,280,286
4238,310,286,292
4239,310,290,294
4240,310,288,290
4241,310,284,286
4242,310,282,281
4243,310,284,282
4244,310,286,284
4245,310,284,290
4246,310,282,290
4247,310,284,288
4248,310,286,284
4249,310,286,284
4250,310,282,284
4251,310,279,286
4252,310,280,288
4253,310,284,290
4254,310,286,292
4255,310,292,292
4256,310,292,286
4257,310,284,280
4258,310,274,278
4259,310,270,280
4260,311,276,287
4261,310,289,292
4262,310,298,292
4263,310,297,289
4264,310,290,284
4265,310,276,278
4266,310,268,276
4267,310,268,278
4268,310,276,288
4269,310,284,294
4270,310,294,292
4271,311,294,285
4272,310,286,280
4273,310,274,277
4274,310,270,278
4275,310,272,282
4276,310,278,288
4277,310,282,292
4278,310,286,292
4279,310,290,288
4280,310,287,284
4281,310,279,278
4282,310,276,278
4283,310,274,280
4284,310,278,285
4285,310,282,290
4286,310,288,293
4287,310,289,290
4288,310,287,286
4289,310,279,278
4290,310,272,276
4291,310,272,278
4292,310,280,284
4293,310,290,290
4294,310,294,293
4295,310,292,290
4296,310,281,282
4297,310,274,274
4298,310,272,272
4299,310,277,278
4300,310,284,286
4301,310,294,292
4302,310,294,292
4303,310,290,288
4304,310,280,278
4305,310,276,272
4306,309,277,272
4307,310,281,280
4308,310,284,286
4309,310,289,294
4310,310,290,292
4311,310,286,286
4312,310,278,276
4313,309,277,274
4314,310,282,276
4315,310,286,284
4316,310,286,290
4317,310,284,292
4318,310,282,290
4319,310,281,284
4320,311,280,278
4321,310,278,278
4322,310,278,282
4323,310,284,286
4324,310,292,288
4325,310,295,284
4326,310,292,278
4327,310,284,271
4328,310,279,268
4329,310,279,271
4330,310,284,282
4331,311,290,289
4332,310,292,292
4333,310,290,284
4334,310,286,276
4335,310,282,268
4336,310,280,271
4337,310,287,280
4338,310,292,290
4339,310,292,292
4340,310,286,284
4341,310,282,274
4342,310,278,271
4343,310,282,276
4344,310,284,282
4345,310,288,294
4346,310,290,294
4347,310,286,288
4348,310,282,277
4349,310,281,271
4350,310,284,272
4351,310,286,280
4352,310,285,286
4353,310,284,288
4354,310,281,287
4355,310,282,284
4356,310,284,278
4357,310,284,278
4358,310,289,280
4359,310,292,282
4360,310,290,284
4361,310,281,282
4362,310,274,278
4363,310,274,274
4364,310,286,276
4365,310,296,278
4366,310,300,284
4367,310,298,285
4368,310,289,284
4369,310,282,280
4370,310,278,278
4371,310,280,272
4372,310,282,276
4373,310,289,282
4374,310,292,288
4375,310,292,288
4376,310,292,284
4377,310,290,276
4378,310,284,274
4379,310,276,276
4380,311,272,281
4381,310,278,288
4382,310,288,290
4383,310,294,290
4384,310,290,289
4385,310,286,288
4386,310,281,285
4387,310,282,287
4388,310,284,288
4389,310,290,287
4390,310,292,284
4391,311,294,284
4392,310,292,284
4393,310,290,286
4394,310,288,292
4395,310,286,292
4396,310,282,288
4397,310,280,280
4398,310,284,275
4399,310,294,276
4400,310,303,284
4401,310,303,292
4402,310,287,292
4403,310,276,286
4404,310,268,276
4405,310,271,270
4406,310,278,273
4407,310,296,284
4408,310,303,293
4409,310,303,296
4410,310,288,289
4411,310,273,280
4412,309,264,274
4413,310,273,278
4414,310,287,284
4415,310,297,294
4416,310,298,297
4417,310,290,293
4418,310,284,284
4419,310,280,278
4420,310,280,278
4421,310,281,288
4422,310,285,296
4423,310,286,298
4424,310,286,296
4425,310,285,286
4426,310,285,279
4427,310,285,276
4428,310,285,280
4429,310,284,288
4430,310,284,302
4431,310,286,301
4432,310,286,292
4433,310,281,278
4434,310,278,272
4435,310,274,276
4436,310,280,286
4437,310,288,294
4438,310,296,300
4439,310,296,298
4440,311,288,290
4441,310,274,276
4442,310,264,270
4443,310,270,274
4444,310,284,286
4445,310,297,298
4446,310,300,302
4447,310,292,296
4448,310,277,284
4449,310,276,276
4450,310,278,274
4451,311,284,280
4452,310,288,289
4453,310,288,296
4454,310,284,296
4455,310,278,292
4456,310,274,284
4457,310,274,280
4458,310,284,282
4459,310,292,288
4460,310,292,292
4461,310,286,294
4462,310,280,289
4463,310,274,285
4464,310,274,282
4465,310,274,282
4466,310,277,287
4467,310,285,294
4468,310,292,298
4469,310,294,296
4470,310,294,288
4471,310,288,278
4472,310,276,274
4473,309,266,278
4474,310,268,288
4475,310,278,296
4476,310,301,298
4477,310,308,290
4478,311,300,282
4479,310,284,274
4480,310,274,274
4481,310,272,278
4482,310,277,288
4483,310,282,292
4484,310,287,290
4485,310,292,282
4486,310,290,277
4487,310,284,276
4488,310,281,282
4489,311,279,287
4490,310,277,289
4491,310,276,288
4492,310,276,284
4493,310,279,284
4494,310,287,284
4495,310,289,286
4496,310,284,286
4497,310,276,287
4498,310,272,284
4499,310,273,282
4500,310,279,282
4501,310,285,286
4502,310,289,292
4503,310,287,294
4504,310,280,290
4505,310,270,280
4506,310,268,276
4507,310,277,277
4508,310,286,284
4509,310,290,289
4510,310,288,293
4511,310,284,290
4512,310,278,284
4513,310,276,276
4514,310,276,274
4515,310,279,280
4516,310,284,287
4517,310,288,290
4518,310,288,288
4519,310,286,284
4520,310,284,278
4521,310,282,274
4522,310,282,274
4523,310,284,280
4524,310,284,288
4525,310,288,292
4526,310,288,290
4527,310,286,286
4528,310,284,278
4529,310,284,276
4530,310,284,278
4531,310,286,284
4532,310,286,288
4533,310,285,292
4534,310,286,289
4535,310,284,284
4536,310,279,280
4537,310,278,280
4538,311,282,284
4539,310,289,286
4540,310,292,284
4541,310,290,278
4542,310,285,276
4543,310,280,276
4544,310,278,281
4545,310,278,284
4546,310,284,288
4547,310,287,285
4548,310,289,280
4549,311,286,276
4550,310,284,274
4551,310,282,280
4552,310,285,286
4553,310,286,288
4554,310,284,284
4555,310,282,278
4556,309,284,274
4557,309,286,276
4558,310,288,282
4559,310,288,292
4560,310,286,294
4561,310,286,290
4562,310,284,278
4563,310,284,274
4564,310,284,274
4565,310,286,280
4566,310,288,286
4567,310,289,290
4568,310,288,287
4569,310,284,282
4570,310,282,280
4571,310,281,278
4572,310,284,280
4573,310,288,285
4574,310,294,287
4575,310,292,282
4576,310,288,278
4577,310,281,272
4578,310,278,273
4579,310,284,278
4580,310,290,286
4581,310,293,290
4582,310,295,290
4583,310,294,282
4584,310,290,276
4585,310,284,269
4586,310,280,270
4587,310,280,279
4588,310,287,290
4589,310,293,292
4590,310,296,284
4591,310,296,276
4592,310,292,270
4593,310,284,271
4594,310,276,276
4595,310,276,288
4596,310,280,292
4597,310,292,292
4598,311,294,286
4599,310,288,281
4600,310,276,280
4601,310,270,284
4602,310,271,289
4603,310,282,294
4604,310,292,292
4605,310,296,288
4606,310,292,282
4607,310,282,280
4608,310,274,284
4609,311,274,290
4610,310,286,293
4611,310,295,289
4612,310,296,284
4613,310,290,277
4614,310,286,280
4615,310,284,285
4616,310,289,288
4617,310,292,285
4618,310,293,282
4619,310,290,278
4620,310,282,276
4621,310,277,278
4622,310,279,284
4623,310,290,290
4624,310,298,290
4625,310,298,288
4626,310,288,280
4627,310,281,279
4628,310,279,278
4629,310,281,282
4630,310,282,288
4631,310,282,294
4632,310,282,294
4633,310,285,290
4634,310,293,285
4635,310,296,282
4636,310,294,284
4637,310,286,290
4638,310,278,292
4639,310,271,289
4640,310,272,286
4641,310,284,286
4642,310,290,288
4643,310,292,288
4644,310,287,286
4645,310,284,288
4646,310,282,290
4647,310,279,288
4648,310,276,285
4649,310,274,282
4650,310,276,281
4651,310,281,284
4652,310,288,292
4653,310,292,293
4654,310,294,289
4655,310,293,282
4656,310,286,278
4657,310,274,277
4658,311,271,278
4659,310,278,284
4660,310,286,295
4661,310,290,298
4662,310,290,289
4663,310,287,282
4664,310,284,278
4665,310,282,280
4666,310,280,284
4667,310,286,292
4668,310,292,295
4669,311,292,294
4670,310,282,287
4671,310,274,280
4672,310,270,276
4673,310,280,279
4674,310,292,284
4675,310,300,298
4676,310,300,303
4677,310,292,296
4678,310,276,280
4679,310,266,272
4680,310,262,270
4681,310,268,280
4682,310,288,292
4683,310,302,300
4684,310,303,300
4685,310,294,285
4686,310,282,273
4687,310,268,268
4688,310,261,272
4689,310,264,280
4690,310,281,294
4691,310,298,301
4692,310,304,296
4693,310,293,280
4694,310,284,271
4695,310,270,268
4696,310,270,274
4697,310,274,282
4698,310,284,297
4699,310,289,300
4700,310,292,293
4701,310,286,278
4702,310,277,272
4703,310,270,272
4704,310,274,282
4705,310,282,292
4706,310,292,298
4707,310,294,295
4708,310,287,286
4709,310,279,278
4710,310,272,276
4711,310,269,278
4712,310,272,284
4713,310,286,289
4714,310,294,292
4715,310,296,292
4716,310,290,288
4717,310,284,282
4718,311,274,276
4719,310,270,274
4720,310,271,274
4721,310,280,284
4722,310,292,292
4723,310,298,294
4724,310,293,289
4725,310,287,282
4726,310,276,276
4727,310,271,272
4728,310,271,274
4729,311,280,282
4730,310,287,290
4731,310,298,293
4732,310,295,290
4733,310,285,286
4734,310,272,276
4735,310,269,271
4736,310,274,274
4737,310,284,284
4738,310,290,288
4739,310,292,294
4740,310,289,292
4741,310,282,286
4742,310,276,278
4743,309,276,274
4744,310,280,277
4745,310,286,285
4746,310,289,290
4747,310,287,290
4748,310,285,288
4749,310,284,284
4750,310,281,280
4751,310,278,279
4752,310,280,281
4753,310,286,282
4754,310,290,284
4755,310,290,287
4756,310,286,286
4757,310,280,284
4758,310,281,280
4759,310,281,278
4760,310,282,278
4761,310,286,279
4762,310,294,279
4763,310,295,281
4764,310,290,282
4765,310,280,280
4766,310,276,280
4767,310,278,280
4768,310,284,280
4769,310,289,280
4770,310,293,282
4771,310,293,284
4772,310,289,284
4773,310,282,282
4774,310,280,281
4775,310,280,280
4776,310,284,279
4777,310,286,279
4778,311,286,284
4779,310,288,286
4780,310,292,288
4781,310,292,288
4782,310,286,285
4783,310,279,278
4784,310,276,274
4785,310,280,276
4786,310,288,284
4787,310,292,290
4788,310,296,294
4789,311,294,288
4790,310,286,282
4791,310,276,273
4792,310,272,271
4793,309,278,274
4794,310,292,284
4795,310,298,288
4796,310,295,292
4797,310,290,290
4798,310,282,282
4799,310,280,270
4800,310,281,268
4801,310,290,274
4802,310,294,284
4803,310,300,290
4804,310,296,290
4805,310,290,286
4806,310,282,278
4807,310,281,273
4808,310,282,271
4809,310,286,276
4810,310,289,284
4811,310,292,289
4812,310,289,294
4813,310,284,292
4814,310,272,286
4815,310,270,284
4816,310,276,281
4817,310,285,284
4818,310,290,286
4819,310,292,290
4820,310,292,292
4821,310,286,290
4822,310,278,286
4823,310,274,282
4824,310,274,285
4825,310,284,287
4826,310,292,287
4827,310,297,286
4828,310,296,284
4829,310,290,282
4830,310,284,282
4831,310,282,282
4832,310,281,284
4833,310,284,284
4834,310,290,282
4835,310,294,280
4836,310,293,279
4837,310,287,282
4838,311,284,287
4839,310,278,290
4840,310,281,286
4841,310,285,282
4842,310,292,280
4843,310,296,280
4844,310,292,280
4845,310,284,284
4846,310,280,288
4847,310,277,292
4848,310,276,292
4849,311,276,290
4850,310,280,288
4851,310,284,288
4852,310,297,288
4853,310,300,289
4854,310,294,289
4855,310,279,286
4856,310,270,286
4857,310,268,286
4858,310,277,288
4859,310,286,288
4860,310,298,292
4861,310,300,293
4862,310,288,292
4863,310,271,286
4864,310,265,282
4865,310,270,282
4866,310,284,286
4867,310,293,288
4868,310,297,289
4869,310,292,288
4870,310,284,284
4871,310,276,280
4872,310,273,280
4873,310,278,284
4874,310,286,288
4875,310,292,290
4876,310,290,292
4877,310,288,288
4878,310,284,282
4879,310,284,280
4880,310,284,280
4881,310,282,284
4882,310,284,288
4883,310,288,292
4884,310,288,292
4885,310,286,289
4886,310,285,284
4887,310,284,284
4888,310,284,286
4889,310,282,288
4890,310,281,288
4891,310,284,287
4892,310,288,284
4893,310,287,282
4894,310,282,282
4895,310,281,285
4896,310,280,288
4897,310,284,288
4898,311,284,288
4899,310,278,286
4900,310,276,284
4901,310,279,282
4902,310,284,284
4903,310,286,286
4904,310,288,287
4905,310,284,286
4906,310,279,284
4907,310,274,281
4908,310,272,280
4909,311,278,284
4910,310,287,290
4911,310,290,290
4912,310,286,288
4913,310,281,286
4914,310,276,282
4915,310,278,279
4916,310,282,280
4917,310,282,286
4918,310,282,290
4919,310,282,288
4920,310,282,282
4921,310,282,280
4922,310,284,282
4923,310,286,286
4924,310,288,288
4925,310,284,288
4926,310,279,286
4927,310,276,280
4928,310,280,276
4929,310,285,278
4930,310,290,286
4931,310,292,290
4932,310,290,290
4933,310,286,286
4934,310,280,282
4935,310,274,276
4936,310,274,277
4937,310,284,280
4938,310,290,286
4939,310,292,290
4940,310,290,292
4941,310,286,288
4942,310,280,282
4943,310,276,276
4944,310,272,272
4945,310,276,278
4946,310,286,285
4947,310,292,289
4948,310,292,292
4949,310,288,288
4950,310,281,282
4951,310,276,278
4952,310,272,276
4953,310,274,279
4954,310,279,284
4955,310,292,288
4956,310,293,287
4957,310,288,286
4958,311,282,284
4959,310,279,280
4960,310,279,278
4961,310,281,280
4962,310,282,282
4963,310,284,286
4964,310,288,286
4965,310,289,286
4966,310,286,282
4967,310,284,280
4968,310,284,278
4969,311,286,276
4970,310,287,276
4971,310,288,276
4972,310,289,279
4973,310,292,282
4974,310,290,284
4975,310,284,284
4976,310,279,280
4977,310,281,276
4978,310,285,276
4979,310,290,280
4980,310,290,282
4981,310,286,285
4982,310,285,282
4983,310,284,278
4984,310,284,276
4985,310,284,280
4986,310,288,286
4987,310,286,292
4988,310,284,292
4989,310,279,284
4990,310,278,278
4991,310,286,276
4992,310,292,276
4993,310,292,280
4994,310,292,287
4995,310,288,288
4996,310,284,286
4997,310,278,282
4998,310,276,279
4999,310,277,278
5000,310,285,279
5001,310,290,283
5002,310,290,288
5003,310,289,289
5004,310,287,284
5005,310,284,276
5006,310,280,270
5007,310,279,270
5008,310,282,276
5009,310,292,284
5010,310,296,292
5011,310,294,290
5012,310,288,288
5013,310,284,280
5014,310,278,274
5015,310,279,272
5016,310,284,276
5017,310,294,284
5018,311,300,290
5019,310,300,290
5020,310,288,284
5021,310,280,280
5022,310,273,278
5023,310,274,279
5024,310,278,284
5025,310,292,288
5026,310,300,289
5027,310,305,288
5028,310,298,288
5029,311,285,287
5030,310,270,287
5031,310,269,284
5032,310,276,282
5033,310,286,282
5034,310,292,286
5035,310,300,290
5036,310,300,292
5037,310,294,288
5038,310,282,282
5039,310,276,284
5040,310,272,282
5041,310,276,282
5042,310,280,282
5043,310,293,285
5044,310,300,286
5045,310,302,286
5046,310,294,284
5047,310,284,280
5048,310,274,280
5049,310,276,278
5050,310,281,278
5051,310,286,282
5052,310,288,286
5053,310,287,292
5054,310,287,292
5055,310,288,288
5056,310,288,280
5057,310,287,279
5058,310,284,280
5059,310,281,282
5060,310,279,284
5061,310,280,290
5062,310,282,294
5063,310,284,294
5064,310,285,292
5065,310,286,288
5066,310,286,286
5067,310,286,285
5068,310,281,286
5069,310,276,290
5070,310,278,292
5071,310,284,288
5072,310,287,286
5073,310,288,286
5074,310,286,286
5075,310,284,288
5076,310,284,288
5077,310,282,286
5078,311,279,286
5079,310,278,284
5080,310,281,286
5081,310,284,287
5082,310,287,288
5083,310,290,286
5084,310,292,286
5085,310,292,285
5086,310,286,282
5087,310,278,280
5088,310,276,280
5089,311,282,281
5090,310,288,284
5091,310,292,288
5092,310,292,294
5093,310,288,293
5094,310,282,288
5095,310,276,280
5096,310,272,278
5097,310,277,282
5098,310,286,288
5099,310,294,292
5100,310,294,294
5101,310,288,292
5102,310,273,287
5103,310,268,282
5104,310,270,282
5105,310,278,286
5106,310,286,292
5107,310,295,295
5108,310,294,292
5109,310,289,284
5110,310,279,279
5111,310,270,288
5112,310,262,298
5113,310,266,300
5114,310,276,295
5115,310,300,286
5116,310,308,284
5117,310,302,282
5118,310,284,274
5119,310,276,268
5120,310,270,270
5121,310,271,282
5122,310,277,290
5123,310,290,295
5124,310,298,296
5125,310,300,296
5126,310,286,290
5127,310,276,280
5128,310,270,264
5129,310,273,262
5130,310,281,270
5131,310,289,290
5132,310,292,296
5133,310,295,300
5134,310,290,292
5135,310,277,286
5136,310,264,276
5137,309,263,273
5138,311,276,280
5139,310,290,294
5140,310,296,302
5141,310,295,296
5142,310,290,284
5143,310,276,270
5144,310,265,266
5145,310,264,273
5146,310,277,292
5147,310,288,303
5148,310,294,306
5149,311,288,296
5150,310,280,284
5151,309,274,268
5152,310,276,266
5153,310,278,272
5154,310,284,288
5155,310,288,294
5156,310,292,294
5157,310,286,286
5158,310,280,280
5159,310,274,274
5160,309,274,276
5161,310,284,282
5162,310,290,290
5163,310,290,292
5164,310,290,285
5165,310,288,276
5166,310,284,274
5167,310,279,276
5168,310,278,280
5169,310,282,288
5170,310,288,292
5171,310,289,290
5172,310,286,286
5173,310,284,282
5174,310,281,279
5175,310,280,282
5176,310,281,284
5177,310,284,286
5178,310,285,286
5179,310,289,286
5180,310,286,284
5181,310,282,284
5182,310,280,281
5183,310,284,278
5184,310,288,276
5185,310,290,276
5186,310,292,276
5187,310,290,280
5188,310,289,284
5189,310,285,284
5190,310,278,282
5191,310,278,276
5192,310,282,270
5193,310,288,271
5194,310,292,276
5195,310,292,288
5196,310,290,294
5197,310,284,292
5198,311,279,280
5199,310,276,273
5200,310,278,271
5201,310,284,276
5202,310,290,282
5203,310,292,290
5204,310,290,292
5205,310,284,290
5206,310,282,283
5207,310,282,277
5208,310,280,274
5209,311,280,278
5210,310,284,284
5211,310,288,290
5212,310,288,292
5213,310,289,287
5214,310,288,280
5215,310,286,276
5216,310,284,272
5217,310,282,274
5218,310,288,282
5219,310,294,285
5220,310,296,284
5221,310,290,281
5222,310,284,278
5223,310,276,276
5224,310,280,276
5225,310,286,278
5226,310,296,282
5227,310,300,284
5228,310,296,284
5229,310,287,280
5230,310,280,278
5231,310,277,276
5232,310,280,276
5233,310,288,278
5234,310,292,280
5235,310,292,281
5236,310,287,286
5237,310,284,288
5238,310,282,285
5239,310,280,281
5240,310,279,280
5241,310,281,282
5242,310,284,286
5243,310,286,290
5244,310,287,294
5245,310,287,296
5246,310,285,292
5247,310,282,284
5248,310,280,279
5249,310,286,278
5250,310,294,286
5251,310,298,294
5252,310,292,298
5253,310,284,293
5254,310,276,282
5255,310,280,272
5256,309,286,271
5257,310,295,280
5258,311,298,290
5259,310,298,294
5260,310,292,292
5261,310,282,286
5262,310,276,274
5263,310,278,271
5264,310,292,273
5265,310,298,282
5266,310,295,290
5267,310,286,293
5268,310,279,287
5269,311,276,282
5270,310,280,280
5271,310,286,281
5272,310,294,286
5273,310,295,292
5274,310,289,292
5275,310,279,289
5276,310,276,286
5277,310,281,284
5278,310,286,284
5279,310,288,288
5280,310,290,292
5281,310,288,294
5282,310,284,294
5283,310,278,288
5284,310,274,284
5285,310,279,284
5286,310,287,286
5287,310,292,290
5288,310,292,292
5289,310,286,292
5290,310,276,288
5291,310,274,284
5292,310,274,282
5293,310,276,284
5294,310,280,290
5295,310,289,292
5296,310,292,292
5297,310,288,290
5298,310,281,284
5299,310,278,281
5300,310,280,282
5301,310,284,284
5302,310,284,286
5303,310,284,288
5304,310,286,285
5305,310,289,284
5306,310,292,284
5307,310,292,287
5308,310,286,289
5309,310,279,286
5310,310,273,284
5311,310,274,280
5312,310,280,286
5313,310,294,292
5314,310,296,298
5315,310,289,298
5316,310,272,289
5317,310,265,278
5318,311,268,272
5319,310,282,276
5320,310,292,284
5321,310,300,302
5322,310,296,308
5323,310,284,302
5324,310,268,284
5325,310,266,274
5326,310,273,272
5327,310,284,282
5328,310,292,292
5329,311,292,300
5330,310,290,300
5331,310,286,290
5332,310,281,278
5333,310,276,274
5334,310,276,278
5335,310,278,288
5336,310,288,294
5337,310,295,292
5338,310,295,286
5339,310,288,277
5340,310,280,270
5341,310,276,270
5342,310,276,279
5343,310,279,290
5344,310,288,296
5345,310,292,296
5346,310,289,289
5347,310,280,276
5348,310,274,272
5349,310,274,274
5350,310,280,284
5351,310,285,292
5352,310,288,296
5353,310,286,290
5354,310,278,281
5355,310,273,276
5356,310,273,278
5357,310,280,286
5358,310,288,294
5359,310,288,296
5360,310,280,292
5361,310,276,284
5362,310,272,277
5363,310,276,276
5364,310,278,280
5365,310,281,288
5366,310,282,290
5367,310,288,290
5368,310,288,286
5369,310,284,284
5370,310,277,280
5371,310,274,278
5372,310,272,279
5373,310,277,282
5374,310,282,284
5375,310,290,286
5376,310,296,285
5377,310,293,282
5378,311,284,280
5379,310,276,278
5380,310,273,278
5381,310,278,282
5382,310,284,285
5383,310,290,288
5384,310,292,286
5385,310,292,284
5386,310,286,282
5387,310,280,282
5388,310,279,282
5389,311,282,284
5390,310,284,284
5391,310,284,284
5392,310,284,285
5393,310,284,286
5394,310,288,286
5395,310,287,286
5396,310,284,282
5397,310,284,279
5398,310,284,276
5399,310,285,276
5400,310,285,280
5401,310,286,286
5402,310,285,288
5403,310,286,286
5404,310,284,278
5405,310,280,272
5406,310,279,272
5407,310,284,278
5408,310,288,284
5409,310,292,288
5410,310,290,288
5411,310,284,284
5412,310,281,276
5413,310,279,273
5414,310,279,276
5415,310,281,284
5416,310,287,292
5417,310,290,290
5418,310,290,284
5419,310,290,272
5420,310,287,269
5421,310,284,274
5422,310,279,286
5423,310,276,292
5424,310,280,295
5425,310,287,288
5426,310,292,279
5427,310,292,271
5428,310,289,270
5429,310,284,276
5430,310,285,286
5431,310,287,292
5432,310,289,286
5433,310,289,280
5434,310,284,274
5435,310,278,272
5436,310,276,276
5437,310,286,286
5438,311,296,290
5439,310,304,290
5440,310,296,282
5441,310,284,276
5442,310,271,270
5443,310,276,272
5444,310,284,279
5445,310,296,288
5446,310,302,288
5447,310,300,280
5448,310,292,272
5449,311,284,272
5450,310,276,279
5451,310,274,286
5452,310,284,288
5453,310,292,284
5454,310,295,279
5455,310,294,277
5456,310,288,282
5457,310,280,289
5458,310,276,296
5459,310,276,295
5460,310,279,290
5461,310,285,280
5462,310,287,276
5463,310,286,280
5464,310,286,289
5465,310,289,296
5466,310,287,296
5467,310,282,292
5468,310,274,279
5469,310,272,272
5470,310,286,274
5471,310,296,286
5472,310,300,294
5473,310,296,297
5474,310,287,288
5475,310,276,279
5476,310,269,270
5477,310,271,269
5478,310,286,278
5479,310,303,290
5480,310,309,296
5481,310,300,292
5482,310,289,282
5483,310,276,271
5484,310,273,268
5485,310,274,274
5486,310,279,292
5487,310,284,301
5488,310,298,300
5489,310,300,288
5490,310,294,282
5491,310,282,276
5492,309,277,276
5493,310,276,278
5494,310,278,292
5495,310,280,300
5496,310,282,302
5497,310,292,293
5498,311,296,284
5499,310,295,278
5500,310,290,282
5501,310,282,289
5502,310,278,292
5503,310,278,290
5504,310,282,286
5505,310,285,288
5506,310,288,288
5507,310,284,284
5508,310,279,281
5509,311,284,286
5510,310,290,290
5511,310,293,290
5512,310,286,288
5513,310,277,286
5514,310,268,284
5515,310,274,280
5516,310,285,279
5517,310,295,280
5518,310,297,286
5519,310,292,290
5520,310,280,292
5521,310,270,288
5522,310,268,278
5523,310,276,278
5524,310,290,284
5525,310,296,292
5526,310,292,290
5527,310,282,292
5528,310,278,292
5529,310,282,289
5530,310,290,284
5531,310,292,280
5532,310,288,284
5533,310,282,288
5534,310,281,290
5535,310,284,292
5536,310,288,292
5537,310,288,289
5538,310,280,281
5539,310,276,278
5540,310,278,278
5541,310,284,284
5542,310,294,288
5543,310,295,293
5544,310,288,292
5545,310,274,284
5546,310,268,278
5547,310,266,277
5548,310,276,280
5549,310,286,284
5550,310,300,290
5551,310,298,292
5552,310,290,288
5553,310,273,278
5554,310,266,276
5555,310,269,278
5556,310,279,282
5557,310,287,284
5558,311,294,292
5559,310,293,296
5560,310,286,294
5561,310,276,284
5562,310,270,277
5563,310,271,272
5564,310,280,276
5565,310,286,281
5566,310,290,294
5567,310,292,298
5568,310,286,294
5569,311,277,285
5570,310,270,280
5571,310,269,276
5572,310,276,278
5573,310,294,284
5574,310,302,292
5575,310,298,294
5576,310,282,289
5577,310,272,280
5578,310,268,274
5579,310,276,276
5580,310,285,280
5581,310,297,292
5582,309,300,296
5583,310,292,292
5584,310,278,280
5585,310,274,272
5586,310,277,270
5587,310,282,278
5588,310,284,284
5589,310,288,294
5590,310,288,294
5591,310,287,290
5592,310,282,280
5593,310,277,276
5594,310,276,274
5595,310,282,276
5596,310,288,280
5597,310,290,288
5598,310,288,290
5599,310,280,290
5600,310,277,286
5601,310,276,284
5602,310,276,280
5603,310,279,282
5604,310,289,284
5605,310,294,288
5606,310,292,288
5607,310,285,284
5608,310,280,280
5609,310,278,280
5610,310,279,282
5611,310,281,284
5612,310,288,290
5613,310,292,290
5614,310,290,288
5615,310,282,282
5616,310,279,278
5617,310,281,276
5618,311,288,276
5619,310,293,278
5620,310,292,282
5621,310,290,286
5622,310,285,284
5623,310,282,280
5624,310,280,279
5625,310,284,280
5626,310,286,280
5627,310,292,282
5628,310,292,282
5629,311,288,280
5630,310,284,280
5631,310,284,281
5632,310,284,281
5633,310,284,280
5634,310,286,281
5635,310,288,282
5636,310,288,282
5637,310,286,284
5638,310,284,284
5639,310,284,286
5640,310,285,284
5641,310,284,284
5642,310,284,284
5643,310,284,282
5644,310,287,280
5645,310,290,280
5646,310,290,284
5647,310,286,284
5648,310,280,286
5649,310,278,285
5650,310,278,282
5651,310,280,279
5652,310,285,279
5653,310,293,280
5654,310,296,284
5655,310,294,286
5656,310,287,282
5657,310,282,278
5658,310,278,276
5659,310,280,276
5660,310,284,278
5661,310,292,284
5662,310,300,286
5663,310,304,284
5664,310,300,279
5665,310,292,274
5666,310,277,274
5667,309,274,278
5668,310,274,282
5669,310,278,289
5670,310,284,292
5671,310,290,292
5672,310,292,288
5673,310,292,284
5674,310,288,280
5675,310,284,284
5676,310,280,288
5677,310,276,292
5678,311,273,292
5679,310,277,287
5680,310,286,284
5681,310,294,282
5682,310,296,284
5683,310,294,287
5684,310,284,290
5685,310,278,290
5686,310,274,287
5687,310,276,279
5688,310,282,274
5689,311,292,276
5690,310,295,284
5691,310,294,292
5692,310,289,294
5693,310,286,288
5694,310,286,280
5695,310,284,272
5696,310,278,271
5697,310,278,278
5698,310,286,288
5699,310,297,295
5700,310,303,295
5701,310,300,288
5702,310,280,278
5703,310,268,272
5704,310,262,272
5705,310,274,286
5706,310,288,300
5707,310,306,303
5708,310,301,294
5709,310,286,286
5710,310,268,276
5711,310,260,276
5712,310,270,284
5713,310,287,296
5714,310,296,301
5715,310,298,300
5716,310,292,290
5717,310,282,282
5718,310,274,278
5719,310,274,280
5720,310,280,288
5721,310,285,294
5722,310,285,294
5723,310,281,288
5724,310,282,284
5725,310,288,284
5726,310,292,285
5727,310,288,288
5728,310,280,289
5729,310,276,287
5730,310,278,284
5731,310,286,280
5732,310,289,279
5733,310,288,284
5734,310,286,284
5735,310,282,286
5736,310,281,287
5737,310,284,288
5738,311,288,286
5739,310,289,285
5740,310,286,284
5741,310,278,284
5742,310,276,285
5743,310,282,286
5744,310,292,290
5745,310,295,290
5746,310,292,286
5747,310,285,282
5748,310,278,282
5749,311,276,285
5750,310,279,286
5751,310,288,292
5752,310,292,292
5753,310,289,287
5754,310,279,281
5755,310,274,280
5756,310,276,282
5757,310,281,286
5758,310,285,288
5759,310,285,288
5760,310,284,288
5761,310,280,286
5762,310,278,284
5763,310,276,282
5764,310,277,282
5765,310,280,282
5766,310,282,282
5767,310,284,285
5768,310,282,286
5769,310,284,288
5770,310,288,288
5771,310,284,286
5772,310,276,282
5773,310,271,280
5774,310,274,280
5775,310,284,284
5776,310,292,287
5777,310,292,288
5778,310,288,288
5779,310,284,284
5780,310,277,279
5781,310,274,278
5782,310,278,283
5783,310,284,288
5784,310,287,290
5785,310,288,290
5786,310,286,286
5787,310,284,282
5788,310,286,280
5789,310,284,280
5790,310,281,284
5791,310,280,284
5792,310,280,284
5793,310,282,284
5794,310,284,284
5795,310,288,284
5796,310,288,284
5797,310,288,284
5798,311,282,282
5799,310,276,280
5800,310,276,280
5801,310,281,281
5802,310,286,282
5803,310,287,284
5804,310,285,284
5805,310,282,286
5806,310,282,287
5807,310,282,284
5808,310,279,280
5809,311,278,278
5810,310,281,278
5811,310,284,280
5812,310,284,284
5813,310,285,288
5814,310,284,287
5815,310,282,284
5816,310,279,280
5817,310,278,278
5818,310,281,282
5819,310,286,288
5820,310,290,290
5821,310,287,287
5822,310,284,282
5823,310,280,278
5824,310,282,276
5825,310,285,276
5826,310,288,276
5827,310,290,278
5828,310,292,279
5829,310,292,280
5830,310,288,282
5831,310,285,284
5832,310,285,284
5833,310,287,282
5834,310,286,276
5835,310,282,273
5836,310,280,276
5837,310,284,280
5838,310,289,284
5839,310,292,286
5840,310,292,284
5841,310,286,282
5842,310,280,280
5843,310,277,279
5844,310,278,280
5845,310,282,284
5846,310,292,284
5847,310,292,284
5848,310,290,282
5849,310,286,280
5850,310,284,281
5851,310,284,284
5852,310,282,286
5853,310,280,284
5854,310,282,282
5855,310,285,279
5856,309,288,277
5857,310,288,278
5858,311,288,282
5859,310,286,286
5860,310,284,286
5861,310,282,284
5862,310,282,276
5863,310,284,274
5864,310,292,274
5865,310,294,281
5866,310,292,286
5867,310,287,288
5868,310,284,284
5869,311,280,281
5870,310,276,279
5871,310,276,278
5872,310,284,280
5873,310,296,282
5874,310,303,284
5875,310,298,286
5876,310,290,286
5877,310,277,284
5878,310,271,278
5879,310,271,276
5880,310,280,280
5881,309,288,286
5882,310,300,289
5883,310,300,289
5884,310,293,290
5885,310,282,288
5886,310,276,284
5887,310,276,282
5888,310,282,284
5889,310,287,286
5890,310,292,289
5891,310,296,288
5892,310,293,286
5893,310,286,285
5894,310,284,285
5895,310,285,286
5896,310,286,284
5897,310,286,282
5898,310,288,281
5899,310,288,285
5900,310,290,288
5901,310,290,286
5902,310,287,282
5903,310,286,277
5904,310,288,276
5905,310,286,279
5906,310,284,286
5907,309,282,288
5908,310,279,288
5909,310,284,286
5910,310,287,284
5911,310,287,281
5912,310,286,280
5913,310,288,284
5914,310,286,290
5915,310,285,294
5916,310,284,290
5917,309,281,284
5918,311,282,280
5919,310,282,282
5920,310,282,284
5921,310,287,290
5922,310,294,295
5923,310,295,296
5924,310,285,290
5925,310,276,282
5926,310,265,276
5927,310,270,279
5928,310,279,286
5929,311,293,298
5930,310,300,302
5931,310,295,295
5932,310,282,282
5933,310,272,277
5934,310,271,278
5935,310,276,284
5936,310,288,289
5937,310,296,292
5938,310,294,290
5939,310,288,284
5940,310,284,278
5941,310,278,279
5942,310,276,288
5943,310,279,294
5944,310,288,296
5945,310,294,292
5946,310,294,286
5947,310,284,278
5948,310,279,278
5949,310,278,278
5950,310,282,284
5951,310,285,288
5952,310,292,294
5953,310,294,295
5954,310,292,290
5955,310,282,282
5956,310,272,278
5957,310,266,282
5958,310,274,288
5959,310,288,292
5960,310,300,296
5961,310,300,293
5962,310,284,286
5963,310,268,280
5964,310,263,280
5965,310,269,285
5966,310,278,294
5967,310,295,300
5968,310,296,300
5969,310,290,295
5970,310,280,282
5971,310,277,276
5972,310,278,276
5973,310,284,282
5974,310,286,286
5975,310,290,292
5976,310,292,293
5977,310,290,290
5978,311,282,282
5979,310,278,278
5980,310,276,276
5981,310,277,280
5982,310,281,284
5983,310,289,288
5984,310,292,290
5985,310,293,288
5986,310,284,282
5987,310,274,279
5988,310,268,277
5989,311,271,280
5990,310,282,284
5991,310,294,294
5992,310,296,294
5993,310,289,290
5994,310,280,282
5995,310,270,278
5996,310,268,278
5997,310,273,284
5998,310,286,288
5999,310,292,292
6000,310,292,294
6001,310,282,290
6002,310,276,284
6003,310,274,281
6004,310,276,278
6005,310,276,279
6006,310,282,284
6007,310,287,290
6008,310,289,292
6009,310,286,288
6010,310,281,284
6011,310,274,279
6012,310,276,276
6013,310,278,276
6014,310,282,284
6015,310,286,290
6016,310,293,292
6017,310,292,286
6018,310,284,282
6019,310,276,276
6020,310,274,276
6021,310,284,278
6022,310,292,286
6023,310,294,289
6024,310,290,290
6025,310,284,286
6026,310,279,280
6027,310,277,277
6028,310,279,279
6029,310,285,284
6030,310,292,292
6031,310,292,292
6032,310,284,289
6033,310,281,284
6034,310,280,278
6035,310,282,277
6036,310,282,279
6037,310,284,286
6038,311,284,290
6039,310,288,290
6040,310,292,282
6041,310,290,276
6042,310,286,270
6043,310,284,270
6044,310,284,274
6045,310,284,284
6046,310,286,288
6047,310,288,286
6048,310,288,280
6049,311,286,276
6050,310,282,270
6051,310,282,276
6052,310,286,282
6053,310,288,288
6054,310,287,288
6055,310,284,282
6056,310,282,278
6057,309,281,276
6058,310,284,277
6059,310,284,279
6060,310,288,286
6061,310,290,288
6062,310,288,285
6063,310,284,282
6064,310,280,282
6065,310,279,282
6066,310,281,284
6067,310,284,284
6068,310,286,282
6069,310,288,282
6070,310,288,280
6071,310,288,279
6072,310,287,279
6073,310,287,280
6074,310,287,284
6075,310,286,285
6076,310,284,282
6077,310,280,276
6078,310,284,274
6079,310,290,277
6080,310,292,280
6081,310,292,282
6082,310,293,282
6083,310,292,280
6084,310,288,279
6085,310,280,278
6086,310,272,276
6087,310,272,277
6088,310,286,280
6089,310,300,284
6090,310,302,286
6091,310,296,284
6092,310,287,282
6093,310,274,280
6094,310,265,280
6095,310,266,279
6096,309,278,280
6097,310,294,284
6098,311,302,288
6099,310,295,292
6100,310,286,292
6101,310,271,289
6102,310,268,287
6103,310,273,287
6104,310,288,286
6105,310,295,286
6106,310,302,288
6107,310,296,290
6108,310,289,292
6109,311,284,290
6110,310,282,284
6111,310,281,280
6112,309,284,276
6113,310,288,276
6114,310,298,284
6115,310,306,295
6116,310,302,298
6117,310,284,290
6118,310,274,278
6119,310,270,268
6120,310,276,266
6121,310,284,274
6122,310,294,294
6123,310,296,300
6124,310,298,296
6125,310,292,280
6126,310,284,272
6127,310,278,270
6128,310,279,280
6129,310,280,290
6130,310,280,300
6131,310,280,298
6132,310,280,288
6133,310,288,278
6134,310,292,276
6135,310,288,284
6136,310,286,294
6137,310,285,300
6138,310,285,298
6139,310,282,292
6140,310,276,280
6141,310,270,278
6142,310,271,282
6143,310,282,290
6144,310,290,294
6145,310,301,300
6146,310,301,292
6147,310,292,284
6148,310,274,276
6149,310,266,276
6150,310,266,284
6151,310,276,294
6152,310,286,296
6153,310,292,294
6154,310,293,288
6155,310,292,282
6156,310,284,278
6157,310,278,280
6158,310,276,284
6159,310,278,288
6160,310,286,288
6161,310,290,284
6162,310,288,282
6163,310,287,286
6164,310,288,290
6165,310,289,292
6166,310,285,288
6167,310,280,282
6168,310,276,278
6169,310,280,278
6170,310,286,281
6171,310,292,290
6172,310,292,298
6173,310,284,298
6174,310,272,288
6175,310,266,282
6176,310,271,278
6177,310,282,284
6178,310,295,290
6179,310,297,298
6180,310,290,298
6181,311,274,292
6182,310,268,282
6183,310,268,276
6184,310,276,278
6185,310,284,286
6186,310,296,294
6187,310,296,296
6188,310,290,294
6189,310,278,284
6190,310,272,278
6191,310,276,276
6192,311,284,280
6193,310,292,285
6194,311,298,292
6195,310,295,292
6196,310,286,284
6197,310,276,274
6198,310,271,270
6199,310,276,276
6200,310,289,288
6201,310,296,295
6202,310,294,296
6203,310,287,287
6204,310,274,276
6205,311,268,268
6206,310,268,270
6207,310,279,284
6208,310,288,298
6209,310,300,303
6210,310,295,294
6211,310,282,284
6212,310,265,269
6213,309,260,268
6214,310,268,276
6215,310,284,294
6216,310,294,302
6217,310,298,304
6218,311,292,292
6219,310,279,280
6220,310,266,268
6221,310,263,268
6222,310,271,278
6223,310,284,292
6224,310,292,298
6225,310,295,296
6226,310,292,286
6227,310,284,278
6228,310,274,271
6229,311,268,272
6230,310,272,280
6231,310,281,288
6232,310,290,292
6233,310,294,290
6234,310,293,282
6235,310,286,276
6236,310,282,274
6237,310,278,277
6238,310,276,282
6239,310,280,286
6240,310,288,288
6241,310,292,286
6242,310,292,284
6243,310,288,281
6244,310,284,282
6245,310,282,284
6246,310,281,284
6247,310,281,284
6248,310,284,284
6249,310,286,284
6250,310,288,286
6251,310,286,288
6252,310,286,286
6253,310,284,282
6254,310,285,279
6255,310,286,276
6256,310,285,276
6257,310,286,280
6258,310,286,284
6259,310,284,284
6260,310,282,284
6261,310,282,278
6262,310,284,276
6263,310,286,277
6264,310,286,284
6265,310,285,286
6266,310,286,288
6267,310,286,282
6268,310,284,276
6269,310,282,271
6270,310,281,272
6271,310,284,279
6272,310,290,289
6273,310,292,292
6274,310,288,290
6275,310,285,284
6276,310,281,276
6277,309,279,272
6278,311,279,276
6279,310,286,284
6280,310,292,289
6281,310,297,290
6282,310,292,284
6283,310,284,279
6284,310,276,274
6285,310,278,276
6286,310,285,279
6287,310,292,288
6288,310,294,292
6289,311,292,288
6290,310,288,278
6291,310,284,272
6292,310,278,269
6293,310,278,276
6294,310,284,284
6295,310,292,288
6296,310,296,286
6297,310,298,282
6298,310,295,278
6299,310,288,276
6300,310,280,276
6301,310,277,278
6302,310,282,282
6303,310,292,282
6304,310,298,280
6305,310,300,276
6306,309,296,276
6307,310,287,278
6308,310,280,284
6309,310,276,288
6310,310,276,288
6311,310,281,284
6312,310,294,280
6313,310,296,277
6314,310,290,279
6315,310,278,286
6316,310,274,292
6317,310,277,294
6318,310,282,292
6319,310,284,286
6320,310,282,284
6321,310,284,286
6322,310,282,290
6323,310,284,293
6324,310,286,290
6325,310,289,284
6326,310,286,276
6327,310,281,276
6328,310,278,282
6329,310,280,290
6330,310,294,294
6331,310,301,290
6332,310,298,285
6333,310,288,277
6334,310,280,276
6335,310,278,278
6336,310,284,284
6337,310,288,286
6338,311,294,284
6339,310,296,278
6340,310,292,274
6341,310,282,276
6342,310,280,284
6343,310,285,294
6344,310,286,298
6345,310,282,296
6346,310,274,290
6347,310,272,282
6348,310,284,274
6349,311,300,274
6350,310,303,280
6351,310,298,295
6352,310,290,298
6353,310,278,294
6354,310,268,290
6355,310,266,287
6356,310,276,288
6357,310,290,290
6358,310,298,290
6359,310,295,290
6360,310,292,288
6361,310,286,286
6362,310,281,284
6363,310,276,284
6364,310,271,285
6365,310,272,288
6366,310,281,290
6367,310,290,290
6368,310,292,288
6369,310,292,288
6370,310,288,288
6371,310,282,284
6372,310,274,279
6373,310,273,276
6374,310,280,278
6375,310,290,284
6376,310,295,288
6377,310,290,292
6378,310,284,294
6379,310,276,290
6380,310,274,284
6381,310,278,280
6382,310,286,278
6383,310,292,282
6384,310,296,287
6385,310,296,293
6386,310,292,294
6387,310,284,292
6388,310,280,286
6389,310,274,280
6390,310,271,280
6391,310,276,284
6392,310,290,292
6393,310,302,298
6394,310,305,298
6395,310,292,290
6396,310,279,281
6397,310,263,271
6398,311,261,268
6399,310,268,275
6400,310,287,294
6401,310,300,303
6402,310,305,302
6403,310,292,288
6404,310,276,276
6405,310,260,270
6406,310,262,272
6407,310,274,279
6408,310,292,292
6409,311,301,296
6410,310,300,294
6411,310,288,284
6412,310,274,276
6413,310,264,271
6414,310,265,277
6415,310,278,284
6416,310,290,294
6417,309,294,296
6418,310,292,292
6419,310,288,284
6420,310,279,279
6421,310,270,276
6422,310,268,276
6423,310,274,284
6424,310,288,292
6425,310,297,294
6426,310,295,294
6427,310,288,289
6428,310,274,282
6429,310,268,277
6430,310,269,276
6431,310,281,282
6432,310,290,290
6433,310,302,294
6434,310,296,292
6435,310,284,288
6436,310,269,278
6437,310,268,273
6438,310,274,276
6439,310,288,285
6440,310,295,292
6441,310,298,294
6442,310,292,289
6443,310,281,282
6444,310,269,274
6445,310,268,273
6446,310,278,277
6447,310,288,286
6448,310,293,292
6449,310,292,292
6450,310,286,288
6451,310,279,282
6452,310,274,274
6453,310,270,272
6454,310,277,278
6455,310,286,286
6456,310,292,292
6457,310,290,293
6458,311,286,288
6459,310,279,280
6460,310,278,274
6461,310,276,276
6462,310,277,284
6463,310,282,290
6464,310,293,292
6465,310,296,289
6466,310,290,286
6467,310,280,280
6468,309,274,279
6469,311,277,282
6470,310,285,285
6471,310,290,286
6472,310,292,285
6473,310,292,282
6474,310,287,279
6475,310,282,278
6476,310,279,278
6477,310,280,280
6478,310,286,284
6479,310,290,284
6480,310,290,282
6481,310,289,278
6482,310,288,276
6483,310,286,277
6484,310,282,279
6485,309,280,284
6486,310,280,284
6487,310,286,282
6488,310,292,280
6489,310,292,278
6490,310,290,282
6491,310,286,284
6492,310,281,284
6493,310,278,282
6494,310,279,282
6495,310,284,282
6496,310,290,284
6497,310,293,284
6498,310,290,284
6499,310,286,284
6500,310,284,280
6501,310,282,280
6502,310,281,280
6503,310,282,282
6504,310,284,284
6505,310,287,286
6506,310,289,290
6507,310,286,288
6508,310,282,284
6509,310,284,276
6510,310,286,270
6511,310,285,269
6512,310,286,276
6513,310,288,286
6514,310,290,293
6515,310,290,294
6516,310,288,286
6517,310,284,278
6518,311,285,270
6519,310,288,268
6520,310,292,274
6521,310,295,286
6522,310,296,290
6523,310,295,288
6524,310,286,278
6525,310,277,272
6526,310,269,273
6527,310,276,282
6528,310,284,292
6529,311,292,300
6530,310,295,300
6531,310,294,290
6532,310,286,276
6533,310,279,271
6534,310,271,274
6535,310,271,284
6536,310,280,292
6537,310,288,298
6538,310,290,296
6539,310,289,286
6540,310,286,282
6541,310,280,284
6542,310,277,288
6543,310,278,286
6544,310,287,284
6545,310,296,284
6546,310,296,284
6547,310,288,280
6548,310,284,274
6549,310,284,271
6550,310,284,280
6551,310,284,288
6552,310,289,296
6553,310,294,296
6554,310,298,292
6555,310,290,278
6556,310,280,272
6557,310,274,268
6558,310,278,273
6559,310,286,282
6560,310,292,293
6561,310,292,296
6562,310,290,294
6563,310,286,290
6564,310,280,286
6565,310,273,284
6566,310,274,286
6567,310,284,288
6568,310,292,286
6569,310,292,285
6570,310,288,284
6571,310,285,289
6572,310,284,292
6573,310,282,292
6574,310,278,290
6575,310,276,286
6576,310,278,286
6577,310,280,287
6578,311,284,292
6579,310,288,292
6580,310,292,292
6581,310,292,288
6582,310,285,282
6583,309,271,276
6584,310,266,276
6585,310,272,284
6586,310,285,296
6587,310,294,301
6588,310,300,298
6589,311,296,286
6590,310,286,276
6591,310,276,266
6592,310,271,266
6593,310,274,280
6594,310,284,294
6595,310,294,301
6596,310,298,300
6597,310,296,292
6598,310,286,280
6599,310,278,273
6600,310,274,274
6601,310,278,284
6602,310,284,294
6603,310,297,298
6604,310,300,293
6605,310,292,286
6606,310,280,276
6607,310,274,273
6608,310,276,276
6609,310,282,288
6610,310,288,294
6611,310,294,300
6612,310,293,293
6613,310,284,286
6614,310,269,276
6615,310,265,274
6616,310,272,278
6617,310,288,288
6618,310,298,294
6619,310,295,294
6620,310,288,290
6621,310,274,284
6622,310,266,278
6623,310,265,276
6624,310,276,279
6625,310,285,286
6626,310,296,292
6627,310,296,294
6628,310,290,290
6629,310,276,284
6630,310,269,276
6631,310,268,272
6632,309,274,278
6633,310,282,286
6634,310,295,294
6635,310,298,295
6636,310,294,293
6637,310,280,282
6638,311,273,276
6639,310,270,273
6640,310,276,278
6641,310,284,285
6642,310,294,292
6643,310,297,294
6644,310,292,290
6645,310,284,280
6646,309,276,274
6647,309,274,276
6648,310,280,282
6649,311,285,288
6650,310,288,292
6651,310,290,290
6652,310,287,284
6653,310,282,276
6654,310,279,274
6655,310,279,276
6656,310,280,284
6657,310,288,290
6658,310,288,292
6659,310,284,290
6660,310,278,280
6661,310,278,276
6662,310,279,276
6663,310,282,280
6664,310,284,284
6665,310,285,290
6666,310,286,292
6667,310,284,288
6668,310,278,280
6669,310,276,276
6670,310,279,276
6671,310,284,280
6672,310,284,286
6673,310,285,292
6674,310,284,290
6675,310,286,286
6676,310,282,278
6677,310,279,276
6678,310,278,278
6679,310,282,282
6680,310,288,286
6681,310,292,288
6682,310,290,286
6683,310,287,280
6684,310,288,274
6685,310,286,270
6686,310,286,271
6687,310,288,278
6688,310,290,285
6689,310,290,288
6690,310,288,286
6691,309,284,278
6692,310,280,274
6693,310,284,274
6694,310,288,278
6695,310,290,281
6696,310,292,286
6697,310,292,284
6698,311,286,282
6699,310,277,279
6700,310,274,279
6701,310,278,282
6702,310,286,284
6703,310,292,284
6704,310,292,284
6705,310,288,282
6706,310,284,282
6707,310,282,282
6708,310,281,282
6709,311,282,284
6710,310,280,284
6711,310,282,282
6712,310,285,279
6713,310,286,278
6714,310,292,282
6715,310,293,285
6716,310,289,286
6717,310,280,284
6718,310,276,280
6719,310,276,276
6720,310,284,276
6721,310,292,278
6722,310,294,282
6723,310,294,286
6724,310,289,286
6725,310,284,281
6726,310,279,278
6727,310,281,277
6728,310,285,280
6729,310,292,284
6730,310,295,286
6731,310,293,285
6732,310,290,282
6733,310,288,278
6734,310,284,278
6735,310,277,284
6736,310,276,288
6737,310,280,289
6738,310,290,284
6739,310,298,280
6740,310,298,280
6741,310,294,286
6742,310,287,290
6743,310,280,292
6744,310,276,290
6745,310,276,286
6746,310,282,282
6747,310,290,281
6748,310,298,284
6749,310,300,286
6750,310,294,292
6751,310,290,290
6752,310,281,286
6753,310,273,278
6754,310,271,278
6755,310,276,282
6756,310,286,286
6757,310,295,290
6758,311,300,292
6759,310,298,288
6760,310,288,282
6761,310,276,276
6762,310,270,274
6763,310,276,280
6764,310,285,288
6765,310,293,292
6766,310,292,290
6767,310,284,284
6768,310,278,278
6769,311,285,278
6770,310,292,280
6771,310,294,290
6772,310,292,292
6773,310,284,290
6774,310,279,282
6775,310,277,278
6776,310,279,280
6777,310,282,288
6778,310,292,293
6779,310,295,295
6780,310,292,294
6781,310,282,288
6782,310,277,284
6783,310,273,281
6784,310,276,284
6785,310,281,287
6786,310,288,292
6787,310,294,296
6788,310,294,294
6789,310,286,288
6790,310,281,284
6791,310,274,279
6792,310,270,282
6793,310,272,286
6794,310,286,292
6795,310,294,295
6796,310,302,294
6797,310,292,287
6798,310,278,282
6799,310,266,276
6800,310,269,278
6801,310,279,284
6802,310,292,292
6803,310,296,296
6804,310,293,294
6805,310,287,284
6806,310,280,277
6807,310,272,276
6808,310,271,282
6809,310,280,287
6810,310,289,292
6811,310,293,294
6812,310,292,292
6813,310,288,284
6814,310,282,278
6815,310,278,276
6816,310,274,280
6817,310,276,292
6818,311,282,300
6819,310,286,302
6820,310,290,295
6821,310,288,286
6822,310,280,278
6823,310,276,276
6824,310,274,282
6825,310,280,292
6826,310,287,300
6827,310,298,300
6828,310,294,286
6829,311,286,277
6830,310,274,271
6831,310,272,278
6832,310,279,288
6833,310,290,298
6834,310,294,298
6835,310,292,290
6836,310,284,276
6837,310,276,270
6838,310,272,270
6839,310,276,278
6840,310,286,290
6841,310,292,296
6842,310,290,295
6843,310,278,284
6844,310,272,276
6845,310,274,276
6846,310,281,281
6847,310,284,288
6848,310,286,293
6849,310,284,290
6850,310,280,285
6851,310,278,278
6852,310,278,276
6853,310,280,282
6854,310,284,290
6855,310,284,292
6856,310,280,292
6857,310,279,288
6858,310,279,284
6859,310,280,282
6860,310,281,284
6861,310,282,284
6862,310,284,286
6863,310,286,286
6864,310,285,282
6865,310,281,282
6866,310,277,284
6867,310,278,284
6868,310,278,286
6869,310,282,288
6870,310,285,287
6871,310,290,284
6872,310,292,278
6873,310,288,274
6874,310,277,276
6875,310,274,280
6876,310,279,286
6877,310,287,290
6878,311,292,292
6879,310,290,285
6880,310,285,278
6881,310,281,276
6882,310,279,276
6883,310,280,282
6884,310,285,290
6885,310,289,290
6886,310,290,286
6887,310,284,279
6888,310,278,276
6889,311,276,280
6890,310,280,287
6891,310,286,292
6892,310,288,293
6893,310,287,290
6894,310,284,284
6895,310,280,276
6896,310,279,273
6897,310,284,273
6898,310,286,276
6899,310,294,280
6900,310,295,284
6901,310,292,285
6902,310,284,286
6903,310,281,282
6904,310,278,278
6905,310,278,270
6906,310,280,270
6907,309,288,276
6908,310,298,285
6909,310,302,288
6910,310,296,288
6911,310,287,281
6912,310,274,272
6913,310,270,269
6914,310,272,272
6915,310,285,284
6916,310,294,296
6917,310,300,300
6918,310,295,292
6919,310,286,281
6920,310,276,268
6921,309,276,269
6922,309,278,276
6923,310,284,289
6924,310,290,292
6925,310,293,288
6926,310,289,282
6927,310,282,278
6928,310,276,277
6929,310,278,281
6930,310,290,284
6931,310,294,284
6932,310,290,284
6933,310,282,277
6934,310,280,272
6935,310,284,272
6936,310,288,278
6937,309,288,284
6938,311,288,287
6939,310,289,284
6940,310,288,279
6941,310,284,280
6942,310,284,282
6943,310,286,280
6944,310,289,278
6945,310,292,276
6946,310,292,272
6947,310,292,276
6948,310,290,280
6949,311,284,288
6950,310,278,290
6951,310,276,289
6952,310,280,282
6953,310,288,276
6954,310,292,272
6955,310,290,276
6956,310,285,289
6957,310,284,296
6958,310,281,298
6959,310,276,294
6960,310,276,289
6961,310,284,285
6962,310,295,282
6963,310,305,282
6964,310,304,287
6965,310,296,292
6966,310,280,292
6967,310,272,284
6968,310,271,278
6969,310,278,278
6970,310,288,284
6971,310,297,292
6972,310,302,294
6973,310,300,292
6974,310,288,284
6975,310,278,278
6976,310,270,276
6977,309,272,278
6978,310,279,281
6979,310,295,284
6980,310,302,285
6981,310,298,286
6982,310,286,284
6983,310,278,282
6984,310,276,284
6985,310,282,284
6986,310,289,286
6987,310,298,288
6988,310,300,287
6989,310,292,284
6990,310,282,280
6991,310,277,280
6992,310,276,284
6993,310,284,292
6994,310,289,295
6995,310,292,296
6996,310,290,290
6997,310,284,284
6998,311,276,282
6999,310,270,284
7000,310,273,286
7001,310,279,292
7002,310,293,294
7003,310,298,294
7004,310,292,290
7005,310,280,284
7006,310,272,282
7007,310,268,284
7008,310,272,286
7009,311,280,290
7010,310,292,292
7011,310,298,293
7012,310,294,290
7013,310,280,282
7014,310,272,279
7015,310,271,278
7016,310,278,280
7017,310,287,284
7018,310,298,290
7019,310,300,290
7020,310,296,287
7021,310,286,280
7022,310,276,276
7023,310,269,276
7024,310,274,280
7025,310,284,286
7026,310,294,294
7027,310,298,296
7028,310,294,292
7029,310,284,284
7030,310,273,278
7031,310,268,276
7032,310,271,284
7033,310,285,292
7034,310,294,300
7035,310,294,300
7036,310,286,292
7037,310,280,286
7038,310,276,282
7039,310,274,280
7040,310,276,282
7041,310,282,292
7042,310,287,296
7043,310,288,294
7044,310,284,286
7045,310,280,280
7046,310,276,278
7047,310,278,282
7048,310,284,288
7049,310,289,294
7050,310,292,294
7051,310,288,290
7052,310,280,280
7053,310,276,274
7054,310,277,271
7055,310,284,274
7056,310,293,282
7057,310,295,290
7058,311,292,292
7059,310,282,288
7060,310,278,281
7061,310,274,277
7062,310,274,276
7063,310,277,278
7064,310,286,284
7065,310,292,288
7066,310,292,292
7067,310,288,290
7068,310,284,285
7069,311,276,280
7070,310,270,278
7071,310,270,280
7072,310,278,286
7073,310,286,292
7074,310,292,294
7075,310,290,294
7076,310,284,292
7077,310,274,285
7078,310,272,280
7079,310,271,277
7080,310,276,280
7081,310,280,285
7082,310,288,290
7083,310,289,292
7084,310,285,290
7085,310,279,284
7086,310,276,280
7087,310,278,278
7088,310,279,278
7089,310,279,280
7090,310,284,284
7091,310,288,286
7092,310,290,286
7093,310,287,284
7094,310,284,280
7095,310,277,277
7096,310,279,277
7097,310,282,279
7098,310,286,285
7099,310,288,290
7100,310,290,290
7101,310,286,286
7102,310,282,282
7103,310,282,277
7104,310,282,280
7105,310,287,285
7106,310,288,292
7107,310,285,292
7108,310,282,290
7109,310,282,284
7110,310,284,278
7111,310,288,276
7112,310,292,278
7113,310,292,281
7114,310,288,284
7115,310,284,285
7116,310,278,284
7117,310,278,282
7118,311,284,279
7119,310,286,278
7120,310,287,278
7121,310,287,281
7122,310,286,284
7123,310,288,284
7124,310,286,282
7125,310,282,278
7126,310,278,276
7127,310,280,276
7128,310,284,278
7129,311,287,284
7130,310,289,288
7131,310,289,290
7132,310,286,284
7133,310,284,280
7134,310,280,274
7135,310,280,277
7136,310,286,282
7137,309,288,285
7138,310,288,286
7139,310,286,282
7140,310,284,279
7141,310,285,280
7142,310,286,284
7143,310,284,284
7144,310,286,285
7145,310,289,280
7146,310,289,278
7147,310,285,276
7148,310,284,279
7149,310,286,284
7150,310,290,286
7151,309,292,285
7152,310,288,280
7153,310,285,278
7154,310,285,276
7155,310,288,278
7156,310,290,282
7157,310,293,286
7158,310,292,285
7159,310,288,282
7160,310,286,276
7161,310,284,271
7162,310,289,273
7163,310,294,280
7164,310,293,286
7165,310,284,288
7166,310,280,284
7167,310,280,278
7168,310,287,274
7169,310,292,276
7170,310,290,284
7171,310,286,293
7172,310,281,296
7173,310,277,292
7174,310,276,286
7175,310,277,280
7176,310,281,280
7177,310,285,284
7178,311,287,289
7179,310,286,292
7180,310,282,294
7181,310,284,290
7182,310,282,282
7183,310,278,278
7184,310,278,281
7185,310,282,286
7186,310,290,292
7187,310,297,292
7188,310,300,286
7189,311,293,280
7190,310,284,276
7191,310,276,274
7192,309,274,278
7193,310,284,285
7194,310,295,289
7195,310,302,288
7196,310,300,282
7197,310,292,278
7198,310,278,280
7199,310,279,286
7200,310,284,288
7201,310,290,288
7202,310,292,286
7203,310,292,282
7204,310,288,279
7205,310,284,280
7206,310,284,288
7207,310,284,294
7208,310,287,296
7209,310,286,292
7210,310,280,287
7211,310,274,282
7212,310,276,284
7213,310,284,288
7214,310,294,294
7215,310,296,295
7216,310,289,294
7217,310,282,290
7218,310,274,284
7219,310,270,278
7220,310,272,282
7221,310,280,290
7222,310,285,296
7223,310,287,295
7224,310,290,290
7225,310,288,286
7226,310,284,284
7227,310,276,280
7228,310,270,278
7229,310,270,284
7230,310,280,288
7231,310,292,290
7232,310,297,292
7233,310,294,289
7234,310,284,282
7235,310,279,276
7236,310,280,276
7237,310,284,279
7238,311,286,288
7239,310,293,294
7240,310,295,294
7241,310,292,292
7242,310,284,282
7243,310,278,278
7244,310,278,278
7245,310,286,284
7246,310,292,288
7247,309,294,296
7248,310,290,295
7249,311,281,290
7250,310,274,282
7251,310,274,280
7252,310,282,282
7253,310,289,288
7254,310,292,292
7255,310,288,292
7256,310,284,290
7257,310,276,282
7258,310,274,276
7259,310,273,276
7260,310,278,282
7261,310,280,289
7262,310,284,294
7263,310,284,294
7264,310,279,290
7265,310,277,284
7266,310,279,278
7267,310,281,276
7268,310,282,277
7269,310,284,282
7270,310,284,289
7271,310,284,294
7272,310,280,292
7273,310,276,284
7274,310,276,278
7275,310,282,274
7276,310,288,278
7277,310,292,284
7278,310,292,292
7279,310,286,292
7280,310,279,290
7281,310,272,285
7282,310,271,280
7283,310,280,278
7284,310,292,280
7285,310,300,284
7286,310,293,292
7287,310,286,292
7288,310,276,287
7289,310,272,282
7290,310,273,280
7291,310,281,282
7292,310,286,286
7293,310,296,290
7294,310,294,290
7295,310,288,288
7296,310,278,282
7297,310,276,278
7298,311,274,276
7299,310,277,279
7300,310,280,282
7301,310,288,286
7302,310,295,288
7303,310,294,286
7304,310,282,284
7305,310,276,282
7306,310,271,279
7307,310,274,279
7308,310,279,281
7309,311,285,286
7310,310,286,289
7311,310,289,286
7312,310,286,280
7313,310,282,277
7314,310,278,278
7315,310,280,281
7316,310,284,285
7317,310,284,290
7318,310,284,290
7319,310,281,288
7320,310,284,284
7321,310,286,282
7322,310,286,280
7323,310,286,280
7324,310,288,284
7325,310,286,286
7326,310,284,287
7327,310,284,287
7328,310,282,284
7329,310,284,281
7330,310,286,277
7331,310,285,278
7332,310,288,282
7333,310,292,285
7334,310,292,288
7335,310,286,286
7336,310,282,282
7337,310,278,274
7338,310,284,272
7339,310,287,274
7340,310,289,278
7341,310,290,282
7342,310,290,284
7343,310,286,284
7344,310,282,284
7345,310,281,282
7346,310,284,282
7347,310,289,281
7348,310,289,282
7349,310,284,282
7350,310,281,282
7351,310,284,280
7352,310,286,279
7353,310,288,282
7354,310,288,284
7355,310,287,288
7356,310,286,288
7357,310,284,286
7358,311,280,282
7359,310,280,280
7360,310,288,278
7361,309,292,279
7362,310,292,282
7363,310,288,288
7364,310,284,288
7365,310,282,285
7366,310,281,278
7367,310,279,274
7368,310,282,276
7369,311,289,280
7370,310,294,284
7371,310,293,289
7372,310,292,288
7373,310,288,282
7374,310,286,273
7375,310,284,270
7376,310,284,272
7377,310,286,282
7378,310,292,290
7379,310,296,293
7380,310,294,290
7381,310,292,278
7382,310,288,268
7383,310,284,268
7384,310,279,280
7385,310,276,290
7386,310,276,303
7387,310,282,300
7388,310,288,290
7389,310,290,277
7390,310,287,276
7391,310,282,278
7392,310,280,288
7393,310,284,294
7394,310,286,292
7395,310,286,287
7396,310,284,279
7397,310,281,276
7398,310,279,278
7399,310,284,288
7400,310,288,294
7401,310,290,294
7402,310,288,288
7403,310,285,280
7404,310,284,274
7405,310,288,276
7406,310,289,279
7407,310,288,287
7408,310,289,288
7409,310,288,286
7410,310,286,284
7411,310,282,282
7412,309,278,280
7413,310,279,282
7414,310,288,286
7415,310,294,288
7416,310,294,288
7417,310,290,285
7418,311,286,282
7419,310,278,280
7420,310,276,282
7421,310,277,284
7422,309,284,289
7423,310,292,292
7424,310,295,293
7425,310,289,292
7426,310,284,286
7427,310,274,282
7428,310,272,282
7429,311,276,285
7430,310,288,290
7431,310,294,293
7432,310,298,293
7433,310,286,288
7434,310,274,284
7435,310,266,282
7436,310,271,284
7437,310,280,288
7438,310,290,292
7439,310,294,294
7440,310,290,292
7441,310,285,288
7442,310,278,282
7443,310,273,278
7444,310,274,279
7445,310,284,284
7446,310,290,288
7447,310,292,292
7448,310,292,292
7449,310,290,286
7450,310,287,280
7451,310,280,276
7452,310,274,276
7453,310,276,285
7454,310,284,290
7455,310,296,293
7456,310,300,292
7457,310,297,288
7458,310,282,279
7459,310,276,276
7460,310,274,278
7461,310,280,287
7462,310,287,294
7463,310,296,296
7464,310,294,290
7465,310,287,284
7466,310,276,276
7467,310,272,276
7468,310,276,281
7469,310,284,289
7470,310,286,292
7471,310,288,296
7472,310,286,290
7473,310,280,284
7474,310,273,278
7475,310,271,282
7476,310,277,287
7477,309,284,292
7478,311,288,290
7479,310,284,286
7480,310,281,284
7481,310,278,280
7482,310,278,282
7483,310,277,284
7484,310,278,288
7485,310,281,292
7486,310,286,292
7487,310,288,286
7488,310,284,280
7489,311,278,279
7490,310,276,280
7491,310,277,282
7492,310,282,284
7493,310,288,286
7494,310,292,289
7495,310,290,288
7496,310,284,284
7497,310,277,278
7498,310,276,280
7499,310,280,282
7500,310,286,287
7501,310,288,288
7502,310,290,286
7503,310,288,284
7504,310,284,282
7505,310,280,280
7506,310,279,280
7507,310,280,284
7508,310,284,285
7509,310,286,286
7510,310,285,286
7511,310,285,286
7512,310,285,285
7513,310,284,282
7514,310,281,280
7515,310,278,278
7516,310,278,282
7517,310,284,284
7518,310,287,286
7519,310,286,287
7520,310,281,288
7521,310,279,284
7522,309,279,280
7523,310,282,278
7524,310,282,278
7525,310,281,284
7526,310,284,286
7527,310,284,286
7528,310,284,284
7529,310,284,282
7530,310,282,281
7531,310,284,280
7532,310,282,281
7533,310,284,282
7534,310,284,286
7535,310,286,288
7536,310,286,285
7537,310,284,284
7538,311,284,280
7539,310,286,278
7540,310,288,278
7541,310,289,278
7542,310,288,278
7543,310,287,280
7544,310,290,282
7545,310,290,282
7546,310,286,280
7547,310,284,279
7548,310,284,278
7549,311,285,278
7550,310,286,281
7551,310,288,284
7552,310,286,286
7553,310,287,285
7554,310,284,279
7555,310,282,276
7556,310,282,276
7557,310,284,279
7558,310,286,284
7559,310,286,290
7560,310,285,290
7561,310,284,286
7562,310,284,280
7563,310,284,276
7564,310,284,276
7565,310,285,278
7566,310,290,284
7567,310,290,286
7568,310,286,287
7569,310,278,284
7570,310,274,280
7571,310,278,278
7572,310,285,278
7573,310,289,280
7574,310,294,286
7575,310,294,286
7576,310,289,284
7577,310,280,279
7578,310,276,276
7579,310,274,276
7580,310,284,281
7581,310,290,284
7582,310,295,286
7583,310,295,286
7584,310,292,284
7585,310,286,280
7586,310,282,278
7587,310,281,276
7588,310,284,280
7589,310,289,284
7590,310,292,288
7591,310,288,285
7592,310,284,284
7593,310,284,282
7594,310,284,282
7595,310,284,282
7596,310,284,284
7597,310,288,286
7598,311,292,288
7599,310,294,288
7600,310,288,288
7601,310,284,288
7602,310,279,288
7603,310,279,287
7604,310,282,286
7605,310,290,284
7606,310,295,284
7607,310,297,286
7608,310,292,288
7609,311,284,287
7610,310,280,284
7611,310,284,280
7612,310,284,279
7613,310,284,280
7614,310,284,284
7615,310,286,290
7616,310,292,292
7617,310,293,290
7618,310,290,282
7619,310,287,278
7620,310,280,274
7621,310,278,276
7622,310,279,282
7623,310,290,290
7624,310,296,292
7625,310,296,292
7626,310,285,284
7627,310,274,279
7628,310,268,279
7629,310,276,284
7630,310,289,290
7631,310,300,294
7632,310,300,293
7633,310,289,287
7634,310,278,280
7635,310,272,278
7636,310,274,281
7637,309,281,289
7638,310,295,294
7639,310,296,294
7640,310,290,293
7641,310,278,286
7642,310,276,282
7643,310,276,280
7644,310,282,284
7645,310,285,288
7646,310,290,294
7647,310,292,293
7648,310,289,289
7649,310,282,284
7650,310,278,282
7651,310,276,280
7652,310,279,284
7653,310,282,288
7654,310,287,294
7655,310,288,296
7656,310,288,292
7657,310,282,284
7658,311,276,279
7659,310,276,278
7660,310,280,284
7661,310,289,290
7662,310,295,294
7663,310,294,292
7664,310,286,286
7665,310,280,280
7666,310,276,276
7667,310,276,278
7668,310,282,286
7669,311,292,294
7670,310,295,296
7671,310,290,294
7672,310,280,284
7673,310,274,279
7674,310,277,278
7675,310,284,282
7676,310,286,288
7677,310,287,296
7678,310,286,296
7679,310,282,292
7680,310,281,282
7681,310,281,278
7682,310,282,280
7683,310,284,290
7684,310,281,296
7685,310,277,300
7686,310,276,296
7687,310,281,290
7688,310,286,278
7689,310,288,274
7690,310,288,276
7691,309,284,286
7692,310,282,294
7693,310,281,298
7694,310,280,294
7695,310,281,284
7696,310,282,274
7697,310,280,272
7698,310,281,279
7699,310,284,287
7700,310,290,294
7701,310,293,293
7702,310,288,288
7703,310,276,276
7704,310,270,273
7705,310,272,274
7706,310,281,284
7707,310,288,292
7708,310,292,295
7709,310,292,290
7710,310,286,284
7711,310,278,279
7712,310,273,278
7713,310,276,281
7714,310,280,286
7715,310,284,288
7716,310,282,290
7717,310,282,289
7718,311,284,287
7719,310,286,286
7720,310,284,286
7721,310,278,282
7722,310,276,282
7723,310,279,280
7724,310,282,282
7725,310,284,284
7726,310,285,290
7727,310,284,292
7728,310,282,287
7729,311,281,278
7730,310,279,274
7731,310,282,278
7732,310,286,282
7733,310,288,286
7734,310,284,289
7735,310,282,286
7736,310,280,282
7737,310,284,278
7738,310,286,278
7739,310,288,280
7740,310,288,284
7741,310,288,286
7742,310,284,286
7743,310,279,284
7744,310,279,282
7745,310,284,281
7746,310,290,282
7747,310,292,286
7748,310,286,286
7749,310,279,288
7750,310,278,284
7751,310,279,282
7752,310,284,280
7753,310,286,279
7754,310,292,279
7755,310,293,278
7756,310,292,277
7757,309,286,276
7758,310,284,280
7759,310,284,284
7760,310,284,284
7761,310,282,284
7762,310,282,279
7763,310,284,274
7764,310,288,274
7765,310,292,278
7766,310,292,282
7767,310,288,286
7768,310,284,286
7769,310,278,280
7770,310,277,272
7771,310,282,271
7772,309,292,276
7773,310,292,286
7774,310,287,293
7775,310,278,293
7776,310,276,286
7777,310,281,280
7778,311,284,272
7779,310,286,271
7780,310,288,277
7781,310,290,284
7782,310,290,290
7783,310,286,292
7784,310,282,286
7785,310,277,280
7786,310,278,276
7787,310,278,276
7788,310,282,280
7789,311,288,284
7790,310,300,284
7791,310,300,284
7792,310,294,281
7793,310,280,276
7794,310,272,276
7795,310,274,276
7796,310,284,278
7797,310,292,280
7798,310,302,284
7799,310,302,284
7800,310,293,282
7801,310,280,278
7802,310,276,278
7803,310,276,278
7804,310,285,280
7805,310,292,280
7806,310,294,279
7807,310,293,280
7808,310,289,282
7809,310,284,286
7810,310,279,288
7811,310,277,287
7812,310,276,282
7813,310,279,279
7814,310,282,278
7815,310,282,284
7816,310,288,298
7817,310,292,304
7818,310,292,302
7819,310,286,288
7820,310,281,276
7821,310,280,268
7822,310,288,274
7823,310,295,284
7824,310,298,298
7825,310,296,300
7826,310,286,294
7827,311,276,279
7828,310,274,272
7829,310,282,272
7830,310,292,280
7831,310,300,288
7832,310,300,294
7833,310,293,292
7834,310,284,284
7835,310,282,274
7836,310,279,270
7837,309,278,274
7838,310,280,282
7839,310,286,290
7840,311,296,294
7841,310,300,293
7842,310,296,286
7843,310,290,281
7844,310,278,276
7845,310,271,277
7846,310,268,283
7847,310,276,294
7848,310,288,298
7849,310,301,297
7850,310,303,290
7851,311,295,285
7852,310,278,282
7853,310,272,282
7854,310,272,285
7855,310,279,292
7856,310,284,293
7857,310,289,292
7858,310,286,290
7859,310,282,288
7860,310,278,286
7861,310,279,286
7862,310,288,286
7863,310,290,284
7864,310,286,286
7865,310,280,286
7866,310,278,286
7867,310,279,286
7868,310,281,286
7869,310,282,285
7870,310,284,286
7871,310,286,286
7872,310,284,286
7873,310,278,287
7874,310,278,286
7875,310,284,284
7876,310,292,281
7877,310,295,281
7878,310,288,284
7879,310,280,288
7880,310,278,290
7881,310,282,288
7882,310,286,284
7883,310,292,284
7884,310,290,284
7885,310,284,284
7886,310,279,286
7887,310,276,288
7888,310,276,292
7889,310,279,292
7890,310,279,290
7891,310,279,286
7892,310,281,286
7893,310,286,288
7894,310,286,290
7895,310,284,292
7896,310,276,290
7897,310,272,286
7898,310,276,284
7899,310,284,281
7900,311,290,284
7901,310,292,289
7902,310,290,292
7903,310,284,290
7904,310,276,282
7905,310,276,279
7906,310,281,280
7907,310,288,286
7908,310,289,289
7909,310,280,292
7910,310,276,290
7911,311,272,284
7912,309,276,279
7913,310,282,278
7914,310,292,280
7915,310,294,282
7916,310,296,285
7917,310,286,288
7918,310,276,288
7919,310,268,286
7920,310,268,279
7921,310,274,276
7922,309,284,280
7923,310,292,288
7924,310,300,296
7925,310,300,294
7926,310,289,288
7927,310,269,277
7928,310,260,272
7929,310,262,272
7930,310,278,284
7931,310,292,293
7932,310,303,303
7933,310,300,298
7934,310,285,286
7935,310,268,272
7936,309,260,269
7937,310,268,278
7938,310,284,288
7939,310,295,293
7940,310,296,294
7941,310,289,288
7942,310,276,279
7943,309,272,273
7944,310,272,274
7945,310,277,282
7946,310,284,292
7947,310,292,294
7948,310,292,288
7949,310,287,280
7950,310,279,271
7951,309,276,272
7952,309,277,278
7953,310,284,290
7954,310,286,292
7955,310,290,292
7956,310,292,284
7957,310,286,276
7958,309,279,272
7959,310,277,277
7960,311,280,284
7961,310,289,292
7962,310,294,294
7963,310,289,292
7964,310,282,288
7965,310,272,281
7966,310,273,276
7967,310,280,274
7968,310,296,276
7969,310,304,282
7970,310,302,286
7971,311,290,288
7972,309,279,282
7973,310,268,278
7974,310,268,278
7975,310,272,280
7976,310,286,284
7977,310,297,284
7978,310,306,282
7979,310,300,282
7980,310,288,282
7981,310,272,278
7982,310,268,276
7983,310,272,274
7984,310,282,276
7985,310,290,280
7986,310,298,290
7987,310,300,296
7988,310,292,294
7989,310,279,282
7990,310,272,272
7991,310,270,268
7992,309,281,274
7993,310,292,282
7994,310,297,292
7995,310,296,294
7996,310,288,288
7997,310,278,280
7998,310,274,277
7999,310,277,276
8000,310,282,280
8001,310,292,286
8002,310,292,289
8003,310,287,288
8004,310,285,282
8005,310,288,276
8006,310,292,272
8007,310,288,274
8008,310,285,279
8009,310,280,287
8010,310,285,290
8011,310,292,286
8012,310,295,280
8013,310,295,276
8014,310,289,274
8015,310,285,276
8016,310,285,278
8017,310,292,284
8018,310,294,284
8019,310,294,284
8020,311,286,280
8021,310,279,278
8022,310,278,277
8023,310,285,279
8024,310,293,282
8025,310,296,286
8026,310,294,286
8027,310,282,286
8028,310,276,286
8029,310,270,286
8030,310,268,286
8031,311,272,289
8032,310,284,290
8033,310,292,290
8034,310,295,290
8035,310,292,290
8036,310,288,286
8037,310,284,284
8038,310,281,280
8039,310,280,278
8040,310,284,280
8041,310,287,284
8042,310,288,288
8043,310,288,292
8044,310,288,292
8045,310,288,285
8046,310,289,277
8047,310,288,274
8048,310,286,276
8049,310,286,282
8050,310,290,286
8051,310,290,284
8052,310,288,280
8053,310,282,279
8054,310,277,284
8055,310,278,286
8056,310,286,290
8057,310,292,288
8058,310,294,288
8059,310,288,282
8060,310,277,280
8061,310,272,282
8062,310,277,286
8063,310,296,292
8064,310,306,295
8065,310,302,296
8066,310,284,290
8067,310,272,282
8068,310,268,277
8069,310,278,282
8070,310,286,288
8071,310,294,297
8072,310,295,298
8073,310,292,296
8074,310,284,284
8075,310,279,276
8076,309,276,276
8077,310,278,284
8078,310,279,288
8079,310,281,294
8080,311,285,296
8081,310,289,295
8082,310,290,285
8083,310,286,278
8084,310,278,274
8085,310,272,278
8086,310,273,282
8087,310,280,289
8088,310,287,294
8089,310,294,295
8090,310,295,288
8091,310,292,282
8092,310,284,277
8093,310,280,277
8094,310,276,284
8095,310,278,292
8096,310,279,294
8097,310,284,292
8098,310,289,286
8099,310,300,282
8100,310,302,282
8101,310,295,282
8102,310,277,282
8103,310,268,288
8104,310,264,292
8105,310,274,292
8106,310,284,290
8107,310,297,288
8108,310,298,286
8109,310,293,284
8110,310,284,286
8111,310,274,284
8112,309,262,281
8113,310,272,280
8114,310,287,282
8115,310,300,286
8116,310,301,290
8117,310,286,290
8118,310,272,288
8119,310,268,284
8120,310,276,278
8121,310,280,278
8122,310,284,284
8123,310,284,290
8124,310,286,292
8125,310,292,285
8126,310,289,281
8127,310,279,280
8128,310,268,282
8129,310,265,284
8130,310,274,285
8131,310,288,287
8132,310,295,288
8133,310,292,287
8134,310,285,285
8135,310,277,280
8136,310,274,280
8137,309,274,284
8138,310,278,288
8139,310,282,288
8140,311,288,286
8141,310,290,284
8142,310,288,282
8143,310,284,284
8144,310,282,286
8145,310,280,288
8146,310,277,288
8147,310,278,285
8148,310,284,281
8149,310,290,280
8150,310,292,284
8151,311,286,285
8152,310,282,286
8153,310,279,284
8154,310,278,280
8155,310,280,282
8156,310,286,284
8157,310,288,285
8158,310,286,284
8159,310,282,282
8160,310,278,280
8161,310,279,280
8162,310,284,280
8163,310,286,282
8164,310,286,286
8165,310,284,288
8166,309,281,284
8167,310,278,280
8168,310,276,278
8169,310,281,278
8170,310,286,282
8171,310,295,286
8172,310,292,292
8173,310,282,292
8174,310,270,284
8175,310,269,276
8176,310,276,274
8177,310,288,282
8178,310,294,288
8179,310,296,292
8180,310,293,289
8181,310,284,284
8182,310,272,278
8183,310,270,277
8184,310,276,278
8185,310,285,284
8186,310,292,286
8187,310,296,288
8188,310,294,286
8189,310,290,282
8190,310,282,274
8191,310,276,272
8192,310,276,276
8193,310,282,280
8194,310,292,284
8195,310,296,288
8196,310,295,286
8197,310,287,283
8198,310,284,278
8199,310,280,276
8200,311,279,276
8201,310,282,279
8202,310,289,282
8203,310,294,284
8204,310,294,284
8205,310,286,281
8206,310,281,280
8207,310,279,281
8208,310,279,282
8209,310,280,284
8210,310,284,284
8211,311,289,284
8212,310,292,282
8213,310,289,282
8214,310,286,282
8215,310,279,284
8216,310,279,282
8217,310,280,282
8218,310,284,280
8219,310,286,282
8220,310,290,284
8221,310,289,284
8222,310,286,284
8223,310,282,282
8224,310,280,280
8225,310,284,280
8226,310,287,280
8227,310,287,281
8228,310,286,284
8229,310,288,284
8230,310,290,282
8231,310,292,279
8232,310,292,278
8233,310,290,278
8234,310,292,280
8235,310,289,282
8236,310,287,284
8237,310,286,282
8238,310,286,280
8239,310,286,278
8240,310,284,279
8241,310,282,282
8242,310,281,287
8243,310,284,292
8244,310,284,294
8245,310,284,292
8246,310,284,284
8247,309,284,281
8248,310,282,281
8249,310,280,286
8250,310,279,290
8251,310,284,294
8252,309,290,292
8253,310,294,288
8254,310,293,277
8255,310,290,276
8256,310,284,278
8257,310,280,286
8258,310,279,292
8259,310,286,292
8260,311,292,286
8261,310,295,280
8262,310,292,276
8263,310,285,276
8264,310,280,281
8265,310,284,284
8266,310,290,286
8267,310,294,286
8268,310,292,281
8269,310,282,278
8270,310,277,282
8271,311,277,284
8272,310,284,286
8273,310,292,288
8274,310,295,287
8275,310,288,284
8276,310,280,282
8277,309,277,284
8278,310,279,290
8279,310,286,292
8280,310,292,294
8281,310,290,292
8282,310,284,284
8283,310,282,278
8284,310,278,280
8285,310,279,290
8286,310,284,295
8287,310,292,295
8288,310,292,290
8289,310,284,286
8290,310,271,282
8291,310,268,284
8292,310,276,288
8293,310,286,292
8294,310,292,294
8295,310,292,290
8296,310,290,284
8297,310,284,280
8298,310,278,280
8299,310,274,282
8300,310,272,288
8301,310,279,292
8302,310,286,290
8303,310,294,287
8304,310,298,284
8305,310,296,281
8306,310,286,281
8307,310,276,284
8308,310,271,286
8309,310,273,288
8310,310,288,288
8311,309,296,286
8312,310,296,286
8313,310,292,286
8314,310,287,286
8315,310,284,286
8316,310,280,286
8317,310,280,284
8318,310,281,284
8319,310,286,286
8320,311,288,287
8321,310,285,286
8322,310,284,286
8323,310,282,286
8324,310,284,286
8325,310,282,286
8326,310,282,286
8327,310,279,288
8328,310,280,288
8329,310,281,286
8330,310,280,285
8331,311,282,284
8332,310,284,284
8333,310,282,284
8334,310,280,288
8335,310,279,288
8336,310,278,287
8337,310,280,286
8338,310,281,286
8339,310,280,284
8340,310,280,284
8341,310,282,284
8342,310,282,288
8343,310,281,288
8344,310,280,285
8345,310,279,284
8346,310,282,284
8347,310,284,282
8348,310,282,281
8349,310,284,284
8350,310,284,287
8351,309,284,288
8352,310,280,286
8353,310,281,284
8354,310,284,284
8355,310,286,284
8356,310,287,284
8357,310,284,284
8358,310,282,284
8359,310,284,284
8360,310,284,284
8361,310,285,284
8362,310,285,284
8363,310,284,284
8364,310,284,286
8365,310,284,284
8366,310,280,282
8367,309,280,281
8368,310,284,282
8369,310,286,284
8370,310,286,286
8371,310,286,286
8372,310,282,286
8373,310,279,282
8374,310,278,280
8375,310,278,278
8376,310,280,282
8377,310,288,286
8378,310,288,288
8379,310,284,288
8380,311,279,284
8381,310,278,278
8382,310,279,276
8383,310,282,278
8384,310,282,281
8385,310,284,289
8386,310,288,292
8387,310,288,290
8388,310,284,284
8389,310,280,278
8390,310,278,276
8391,311,282,278
8392,310,286,284
8393,310,290,288
8394,310,290,290
8395,310,287,286
8396,310,284,278
8397,309,280,274
8398,310,284,271
8399,310,288,276
8400,310,292,281
8401,310,292,286
8402,310,292,286
8403,310,287,284
8404,310,285,278
8405,310,282,274
8406,310,278,272
8407,310,280,276
8408,310,288,282
8409,310,293,288
8410,310,294,290
8411,310,289,286
8412,310,284,280
8413,310,278,274
8414,310,278,272
8415,310,279,276
8416,310,286,288
8417,310,292,293
8418,310,292,292
8419,310,286,285
8420,310,280,278
8421,310,278,274
8422,310,284,276
8423,310,288,280
8424,310,288,287
8425,310,286,288
8426,310,285,286
8427,310,284,282
8428,310,284,280
8429,310,282,279
8430,310,282,281
8431,310,284,282
8432,310,284,282
8433,310,284,282
8434,310,286,282
8435,310,290,280
8436,310,292,280
8437,310,290,280
8438,310,286,280
8439,310,282,280
8440,311,284,280
8441,310,286,281
8442,310,286,282
8443,310,285,284
8444,310,284,286
8445,310,284,286
8446,310,286,285
8447,310,292,280
8448,310,293,278
8449,310,290,277
8450,310,281,278
8451,311,274,282
8452,310,277,290
8453,310,288,292
8454,310,298,288
8455,310,300,284
8456,310,294,280
8457,310,284,279
8458,310,279,284
8459,310,280,288
8460,310,284,294
8461,310,284,294
8462,310,284,290
8463,310,282,284
8464,310,282,280
8465,310,288,280
8466,310,292,286
8467,309,294,292
8468,310,288,292
8469,310,281,286
8470,310,279,278
8471,310,284,276
8472,310,288,278
8473,310,290,286
8474,310,290,292
8475,310,287,290
8476,309,286,284
8477,310,286,280
8478,310,286,277
8479,310,286,280
8480,310,286,282
8481,310,284,286
8482,310,281,289
8483,310,284,288
8484,310,286,284
8485,310,289,282
8486,310,288,284
8487,310,284,284
8488,310,282,286
8489,310,284,288
8490,310,284,289
8491,310,284,288
8492,310,282,287
8493,310,281,286
8494,310,284,286
8495,310,285,288
8496,310,288,290
8497,310,289,292
8498,310,289,288
8499,310,284,285
8500,311,279,284
8501,310,278,287
8502,310,280,288
8503,310,284,288
8504,310,289,288
8505,310,290,287
8506,310,292,286
8507,310,290,285
8508,310,284,286
8509,310,276,286
8510,310,273,284
8511,311,278,282
8512,310,285,285
8513,310,290,290
8514,310,289,292
8515,310,286,292
8516,310,284,288
8517,310,280,280
8518,310,278,278
8519,310,279,279
8520,310,284,284
8521,310,290,289
8522,310,292,292
8523,310,287,292
8524,310,278,288
8525,310,276,284
8526,310,278,282
8527,310,284,284
8528,310,289,286
8529,310,294,288
8530,310,290,288
8531,310,284,288
8532,310,276,286
8533,310,272,286
8534,310,278,288
8535,310,284,290
8536,310,286,292
8537,310,286,292
8538,310,287,288
8539,310,286,286
8540,310,284,284
8541,310,284,284
8542,310,284,286
8543,310,286,287
8544,310,288,286
8545,310,285,282
8546,310,284,281
8547,310,282,284
8548,310,282,287
8549,310,282,288
8550,310,285,288
8551,310,286,286
8552,310,286,282
8553,310,284,276
8554,310,279,276
8555,310,277,282
8556,310,280,286
8557,310,284,290
8558,310,284,290
8559,310,284,286
8560,311,280,280
8561,310,280,280
8562,310,280,284
8563,310,278,290
8564,310,278,292
8565,310,282,290
8566,310,284,282
8567,310,282,280
8568,310,279,279
8569,310,278,282
8570,310,279,286
8571,311,284,290
8572,310,282,292
8573,310,282,290
8574,310,281,284
8575,310,279,282
8576,310,278,280
8577,309,279,281
8578,310,284,282
8579,310,286,285
8580,310,286,286
8581,310,284,284
8582,310,282,284
8583,310,281,281
8584,310,281,280
8585,310,281,281
8586,310,284,284
8587,310,286,286
8588,310,289,286
8589,310,288,284
8590,310,284,282
8591,310,279,280
8592,310,282,278
8593,310,284,278
8594,310,285,281
8595,310,286,285
8596,310,288,288
8597,310,286,290
8598,310,284,288
8599,310,278,280
8600,310,278,279
8601,310,282,280
8602,310,286,284
8603,310,286,286
8604,310,286,290
8605,310,284,289
8606,310,282,285
8607,310,280,280
8608,310,278,278
8609,310,278,282
8610,310,285,284
8611,310,292,284
8612,310,292,280
8613,309,292,276
8614,310,286,272
8615,310,284,272
8616,310,284,274
8617,310,285,282
8618,310,284,287
8619,310,285,286
8620,311,284,278
8621,310,280,274
8622,310,284,272
8623,310,290,278
8624,310,296,284
8625,310,295,288
8626,310,288,286
8627,310,274,282
8628,310,272,276
8629,310,276,272
8630,310,286,278
8631,311,292,288
8632,310,297,294
8633,310,292,294
8634,310,284,289
8635,310,276,276
8636,310,271,271
8637,310,278,272
8638,310,284,280
8639,310,288,285
8640,310,292,291
8641,310,296,290
8642,310,294,285
8643,310,288,276
8644,310,282,270
8645,310,273,271
8646,310,276,278
8647,310,282,282
8648,310,292,288
8649,310,296,288
8650,310,296,284
8651,310,290,274
8652,310,284,268
8653,310,282,268
8654,310,284,276
8655,310,289,286
8656,310,288,292
8657,310,285,290
8658,310,280,279
8659,310,281,271
8660,310,286,271
8661,310,294,280
8662,310,298,285
8663,310,297,286
8664,310,290,282
8665,310,279,280
8666,310,268,280
8667,310,268,286
8668,310,278,289
8669,310,286,288
8670,310,288,286
8671,310,286,284
8672,310,286,286
8673,310,292,290
8674,310,297,296
8675,310,296,296
8676,310,284,290
8677,310,274,281
8678,310,268,277
8679,310,271,280
8680,311,282,288
8681,310,303,296
8682,310,314,296
8683,310,311,292
8684,310,292,276
8685,310,280,271
8686,310,271,270
8687,310,274,278
8688,310,280,285
8689,310,292,294
8690,310,298,294
8691,311,300,288
8692,310,292,279
8693,310,284,274
8694,310,278,276
8695,310,280,278
8696,309,284,281
8697,310,289,286
8698,310,292,290
8699,310,294,292
8700,310,290,290
8701,310,285,288
8702,310,276,284
8703,310,273,284
8704,310,280,284
8705,310,290,287
8706,310,294,289
8707,310,294,292
8708,310,290,293
8709,310,282,292
8710,310,276,288
8711,310,274,284
8712,310,278,284
8713,310,284,286
8714,310,286,288
8715,310,284,292
8716,310,282,294
8717,310,286,294
8718,310,288,290
8719,310,286,286
8720,310,276,278
8721,310,270,279
8722,310,272,282
8723,310,284,290
8724,310,292,294
8725,310,300,295
8726,310,296,290
8727,310,286,284
8728,310,274,276
8729,310,270,276
8730,310,276,282
8731,310,290,290
8732,309,300,292
8733,310,300,290
8734,310,295,286
8735,310,284,282
8736,310,278,280
8737,310,274,280
8738,310,274,284
8739,310,277,290
8740,311,288,292
8741,310,292,292
8742,310,288,290
8743,310,280,286
8744,310,276,282
8745,310,276,280
8746,310,279,282
8747,310,284,288
8748,310,286,298
8749,310,286,300
8750,310,284,296
8751,311,276,286
8752,310,272,284
8753,310,272,282
8754,310,278,284
8755,310,286,286
8756,310,295,288
8757,310,295,289
8758,310,288,288
8759,310,276,282
8760,310,268,280
8761,310,271,284
8762,310,282,290
8763,310,292,293
8764,310,294,292
8765,310,292,286
8766,310,284,278
8767,310,282,272
8768,310,280,273
8769,310,279,284
8770,310,280,294
8771,310,284,296
8772,310,286,289
8773,310,285,282
8774,310,284,274
8775,310,284,276
8776,310,286,280
8777,310,285,290
8778,310,282,292
8779,310,280,290
8780,310,280,282
8781,310,279,276
8782,310,279,278
8783,310,281,284
8784,310,286,294
8785,310,288,296
8786,310,284,292
8787,310,276,284
8788,310,274,278
8789,310,276,274
8790,310,278,278
8791,310,280,284
8792,310,284,295
8793,310,285,295
8794,310,284,290
8795,310,280,281
8796,310,274,276
8797,310,272,276
8798,310,277,280
8799,310,284,284
8800,311,285,288
8801,310,285,288
8802,309,284,286
8803,310,284,282
8804,310,282,278
8805,310,279,276
8806,310,280,280
8807,310,284,284
8808,310,285,287
8809,310,284,288
8810,310,286,286
8811,311,287,282
8812,310,288,280
8813,310,286,280
8814,310,284,280
8815,310,282,284
8816,310,284,284
8817,310,286,284
8818,310,284,285
8819,310,285,288
8820,310,285,288
8821,310,285,287
8822,310,285,286
8823,310,284,282
8824,310,282,280
8825,310,285,279
8826,310,287,278
8827,310,286,277
8828,310,288,279
8829,310,287,282
8830,310,285,284
8831,310,284,286
8832,310,282,282
8833,310,280,279
8834,310,282,276
8835,310,282,276
8836,310,284,279
8837,310,288,284
8838,310,294,286
8839,310,292,284
8840,310,284,282
8841,310,273,278
8842,310,270,278
8843,310,277,280
8844,310,286,284
8845,310,288,288
8846,310,288,292
8847,310,288,289
8848,310,287,282
8849,310,286,272
8850,310,284,269
8851,310,280,274
8852,310,282,284
8853,310,284,288
8854,310,286,290
8855,310,286,287
8856,310,286,282
8857,310,284,280
8858,310,281,280
8859,310,284,280
8860,311,288,280
8861,310,294,280
8862,310,290,277
8863,310,284,277
8864,310,278,280
8865,310,281,284
8866,310,288,285
8867,310,293,284
8868,310,295,282
8869,310,292,280
8870,310,287,280
8871,311,281,280
8872,310,278,279
8873,310,282,279
8874,310,292,278
8875,310,300,278
8876,310,300,278
8877,310,293,279
8878,310,286,280
8879,310,280,284
8880,310,277,286
8881,310,277,286
8882,309,284,284
8883,310,289,280
8884,310,289,280
8885,310,285,282
8886,310,284,286
8887,310,282,292
8888,310,284,292
8889,310,284,288
8890,310,279,280
8891,310,278,280
8892,310,282,282
8893,310,286,288
8894,310,289,294
8895,310,292,298
8896,310,290,289
8897,310,285,279
8898,310,277,272
8899,310,271,274
8900,310,277,282
8901,310,289,288
8902,310,298,292
8903,310,298,292
8904,310,293,288
8905,310,285,280
8906,310,281,274
8907,310,277,272
8908,310,278,278
8909,310,282,288
8910,310,294,290
8911,310,296,290
8912,310,292,289
8913,310,284,288
8914,310,282,281
8915,310,286,276
8916,310,293,279
8917,310,294,284
8918,310,290,289
8919,310,284,288
8920,311,279,288
8921,310,278,290
8922,310,282,290
8923,310,292,286
8924,310,295,284
8925,310,292,284
8926,310,282,287
8927,310,278,292
8928,310,282,292
8929,310,286,288
8930,310,285,284
8931,311,282,284
8932,310,278,284
8933,310,276,286
8934,310,280,288
8935,310,286,292
8936,310,294,295
8937,310,294,288
8938,310,286,282
8939,310,269,279
8940,310,262,281
8941,310,270,284
8942,310,287,288
8943,310,300,292
8944,310,300,292
8945,310,292,290
8946,310,280,285
8947,310,274,278
8948,310,276,278
8949,310,286,284
8950,310,294,292
8951,310,295,292
8952,310,289,288
8953,310,284,282
8954,310,278,278
8955,310,281,280
8956,310,284,284
8957,310,286,292
8958,310,287,295
8959,310,288,292
8960,310,286,284
8961,310,284,280
8962,310,279,278
8963,310,276,284
8964,310,279,288
8965,310,284,294
8966,310,286,296
8967,310,288,289
8968,310,288,280
8969,310,284,277
8970,310,278,280
8971,310,276,284
8972,310,281,290
8973,310,289,294
8974,310,290,292
8975,310,282,282
8976,310,276,276
8977,310,272,276
8978,310,276,282
8979,310,282,288
8980,311,293,293
8981,310,294,292
8982,310,286,285
8983,310,272,276
8984,310,264,273
8985,310,271,280
8986,310,284,288
8987,310,294,292
8988,310,294,294
8989,310,287,288
8990,310,274,278
8991,311,272,276
8992,310,276,278
8993,310,284,288
8994,310,289,292
8995,310,292,292
8996,310,286,288
8997,310,278,284
8998,310,274,276
8999,310,276,278
9000,310,286,284
9001,310,290,290
9002,310,288,292
9003,310,285,290
9004,310,284,284
9005,310,281,280
9006,310,278,278
9007,310,278,280
9008,310,280,284
9009,310,286,286
9010,310,292,288
9011,310,292,288
9012,310,288,285
9013,310,280,279
9014,310,273,274
9015,310,271,276
9016,310,279,282
9017,310,288,288
9018,310,298,292
9019,310,294,288
9020,310,284,282
9021,310,272,276
9022,310,271,274
9023,310,276,277
9024,310,285,286
9025,310,292,292
9026,310,292,292
9027,310,288,286
9028,310,281,280
9029,310,274,274
9030,310,276,278
9031,310,284,284
9032,310,288,290
9033,310,288,292
9034,310,286,289
9035,310,284,284
9036,310,282,280
9037,310,282,277
9038,310,281,278
9039,310,282,286
9040,311,285,292
9041,310,288,292
9042,310,288,286
9043,310,286,280
9044,310,282,274
9045,310,284,272
9046,310,285,276
9047,310,288,284
9048,310,290,290
9049,310,292,290
9050,310,288,281
9051,311,284,276
9052,310,280,270
9053,309,282,274
9054,310,286,280
9055,310,293,288
9056,310,294,288
9057,310,292,284
9058,310,286,278
9059,310,278,274
9060,310,274,276
9061,310,278,280
9062,310,289,286
9063,310,296,288
9064,310,297,288
9065,310,290,282
9066,310,284,280
9067,310,277,280
9068,310,276,284
9069,310,278,286
9070,310,286,287
9071,310,293,282
9072,310,298,278
9073,310,294,278
9074,310,288,279
9075,310,278,286
9076,310,276,289
9077,310,276,288
9078,310,280,282
9079,310,284,278
9080,309,292,276
9081,310,296,279
9082,310,294,284
9083,310,288,286
9084,310,284,284
9085,310,281,278
9086,310,284,270
9087,309,284,270
9088,310,288,279
9089,310,292,288
9090,310,294,292
9091,310,294,292
9092,310,293,284
9093,310,288,273
9094,310,286,266
9095,310,284,268
9096,310,284,279
9097,310,284,290
9098,310,284,295
9099,310,281,294
9100,311,278,290
9101,310,280,284
9102,310,284,284
9103,310,292,286
9104,310,292,290
9105,310,287,292
9106,310,280,287
9107,310,278,280
9108,310,279,276
9109,310,286,280
9110,310,288,287
9111,311,290,295
9112,310,292,294
9113,310,288,290
9114,310,281,284
9115,310,279,280
9116,310,282,277
9117,310,288,278
9118,310,292,281
9119,310,292,286
9120,310,289,288
9121,310,288,286
9122,310,285,282
9123,310,280,279
9124,310,276,279
9125,310,278,284
9126,310,284,287
9127,310,294,290
9128,310,298,290
9129,310,294,288
9130,310,285,282
9131,310,274,279
9132,310,268,276
9133,310,273,280
9134,310,290,284
9135,310,300,293
9136,310,298,298
9137,310,286,298
9138,310,278,292
9139,310,276,286
9140,310,281,280
9141,310,282,276
9142,310,284,280
9143,310,286,292
9144,310,286,298
9145,310,286,296
9146,310,288,290
9147,310,290,284
9148,310,285,284
9149,310,277,284
9150,310,269,282
9151,310,271,284
9152,310,285,289
9153,310,295,294
9154,310,295,295
9155,310,286,288
9156,310,278,278
9157,310,276,276
9158,310,279,280
9159,310,282,284
9160,311,286,294
9161,310,286,294
9162,310,280,294
9163,310,277,287
9164,310,278,280
9165,310,290,276
9166,310,296,280
9167,310,294,285
9168,310,284,288
9169,310,278,288
9170,310,274,286
9171,311,276,284
9172,310,278,286
9173,310,288,289
9174,310,295,290
9175,310,298,288
9176,310,288,284
9177,310,278,281
9178,310,270,280
9179,310,272,278
9180,310,276,280
9181,310,284,290
9182,310,290,296
9183,310,292,298
9184,310,287,292
9185,310,279,284
9186,310,271,274
9187,310,269,273
9188,310,278,277
9189,310,288,288
9190,310,292,296
9191,310,290,300
9192,310,284,292
9193,310,274,284
9194,310,268,273
9195,310,268,270
9196,310,278,280
9197,310,292,292
9198,310,300,298
9199,310,292,298
9200,310,282,288
9201,310,268,276
9202,310,264,268
9203,310,269,270
9204,310,284,284
9205,310,292,298
9206,310,300,303
9207,310,292,296
9208,310,281,288
9209,310,270,272
9210,310,269,268
9211,309,274,270
9212,310,285,285
9213,310,292,294
9214,310,295,298
9215,310,294,292
9216,310,286,284
9217,310,276,276
9218,310,271,274
9219,310,277,278
9220,311,286,286
9221,310,292,292
9222,310,294,292
9223,310,290,288
9224,310,284,282
9225,310,276,276
9226,310,274,277
9227,310,279,282
9228,310,288,287
9229,310,294,288
9230,310,290,286
9231,311,284,282
9232,310,274,280
9233,310,276,282
9234,310,277,282
9235,310,282,284
9236,310,286,284
9237,310,288,284
9238,310,286,284
9239,310,282,284
9240,310,278,284
9241,310,276,282
9242,310,280,282
9243,310,281,281
9244,310,281,280
9245,310,286,284
9246,310,290,286
9247,310,290,288
9248,310,284,286
9249,310,278,282
9250,310,276,278
9251,310,280,276
9252,310,285,278
9253,310,292,284
9254,310,294,288
9255,310,294,286
9256,310,288,278
9257,310,282,272
9258,310,280,270
9259,310,284,278
9260,310,292,284
9261,310,296,288
9262,310,292,288
9263,310,273,282
9264,310,270,274
9265,310,281,272
9266,310,300,277
9267,310,308,284
9268,310,294,289
9269,310,279,284
9270,310,272,278
9271,310,276,272
9272,310,280,278
9273,310,288,286
9274,310,292,294
9275,310,289,292
9276,310,288,280
9277,310,286,274
9278,310,284,274
9279,310,284,278
9280,311,281,280
9281,310,281,288
9282,310,284,290
9283,310,284,287
9284,310,287,282
9285,310,288,279
9286,310,288,276
9287,310,287,278
9288,310,286,280
9289,310,282,284
9290,310,280,286
9291,311,284,282
9292,310,286,277
9293,310,286,276
9294,310,284,281
9295,310,285,286
9296,310,288,288
9297,310,292,284
9298,310,292,278
9299,310,288,274
9300,310,284,274
9301,310,281,278
9302,310,282,286
9303,310,288,290
9304,310,295,292
9305,310,292,286
9306,310,284,282
9307,310,274,274
9308,310,274,276
9309,310,285,279
9310,310,296,288
9311,310,300,292
9312,309,293,290
9313,310,284,284
9314,310,276,280
9315,310,274,280
9316,310,278,284
9317,310,288,292
9318,310,297,296
9319,310,297,295
9320,310,288,288
9321,310,284,284
9322,310,282,280
9323,310,282,278
9324,310,284,279
9325,310,286,284
9326,310,288,289
9327,310,292,290
9328,310,292,288
9329,310,288,286
9330,310,280,285
9331,310,277,280
9332,310,279,276
9333,310,288,276
9334,310,294,279
9335,310,294,288
9336,310,289,290
9337,310,281,288
9338,310,277,282
9339,310,278,280
9340,311,286,282
9341,310,290,288
9342,310,292,290
9343,310,288,288
9344,310,286,286
9345,310,284,284
9346,310,282,280
9347,310,280,278
9348,310,284,284
9349,310,287,290
9350,310,289,293
9351,311,289,294
9352,310,286,292
9353,310,279,288
9354,310,276,284
9355,310,274,282
9356,310,277,284
9357,310,282,288
9358,310,293,290
9359,310,297,292
9360,310,295,290
9361,310,286,282
9362,310,277,279
9363,310,271,282
9364,310,273,289
9365,310,279,292
9366,310,292,294
9367,310,297,292
9368,310,294,286
9369,310,284,278
9370,310,277,276
9371,310,272,278
9372,310,278,285
9373,310,284,292
9374,310,289,296
9375,310,292,295
9376,310,288,288
9377,310,282,278
9378,310,276,278
9379,310,277,281
9380,310,281,285
9381,310,292,288
9382,310,294,290
9383,310,292,290
9384,310,282,286
9385,310,278,282
9386,310,276,280
9387,310,276,284
9388,310,280,286
9389,310,290,290
9390,310,296,292
9391,310,296,293
9392,310,284,292
9393,310,274,288
9394,310,266,284
9395,310,268,282
9396,310,276,284
9397,310,290,293
9398,310,296,298
9399,310,300,298
9400,311,292,288
9401,310,279,280
9402,310,269,274
9403,310,274,276
9404,310,284,280
9405,310,293,292
9406,310,294,296
9407,310,288,294
9408,310,280,284
9409,310,276,276
9410,310,276,272
9411,311,280,278
9412,310,289,285
9413,310,290,292
9414,310,286,292
9415,310,280,286
9416,310,278,279
9417,310,276,276
9418,310,279,277
9419,310,281,280
9420,310,286,290
9421,310,290,296
9422,310,288,294
9423,310,281,286
9424,310,277,279
9425,310,274,276
9426,310,276,279
9427,310,280,284
9428,310,285,290
9429,310,288,294
9430,310,288,294
9431,310,284,286
9432,310,276,282
9433,310,271,278
9434,310,272,280
9435,310,279,284
9436,310,288,288
9437,310,290,288
9438,310,288,288
9439,310,284,284
9440,310,279,280
9441,310,276,280
9442,310,277,282
9443,310,282,284
9444,310,285,284
9445,310,285,284
9446,310,284,284
9447,310,284,284
9448,310,288,284
9449,310,288,280
9450,310,284,280
9451,310,279,280
9452,310,279,281
9453,310,282,284
9454,310,287,286
9455,310,289,286
9456,310,288,286
9457,309,286,284
9458,310,284,280
9459,310,280,281
9460,311,280,284
9461,310,284,285
9462,310,284,288
9463,310,284,289
9464,310,284,286
9465,310,284,284
9466,310,288,282
9467,309,286,281
9468,310,284,280
9469,310,284,278
9470,310,288,276
9471,311,290,278
9472,310,290,284
9473,310,288,284
9474,310,284,284
9475,310,284,280
9476,310,280,276
9477,310,279,273
9478,310,282,274
9479,310,292,278
9480,310,296,284
9481,310,294,288
9482,310,285,286
9483,310,278,282
9484,310,276,276
9485,310,276,271
9486,310,280,274
9487,310,288,284
9488,310,292,292
9489,310,288,293
9490,310,282,288
9491,310,280,280
9492,310,279,273
9493,310,282,272
9494,310,284,276
9495,310,281,286
9496,310,282,292
9497,310,285,292
9498,311,286,286
9499,310,284,281
9500,310,282,276
9501,310,282,274
9502,310,288,278
9503,310,290,284
9504,310,288,286
9505,310,286,286
9506,310,284,278
9507,310,282,273
9508,310,280,272
9509,311,282,276
9510,310,289,284
9511,310,296,290
9512,310,298,288
9513,310,292,278
9514,310,287,272
9515,310,280,268
9516,310,278,274
9517,310,280,281
9518,310,289,292
9519,310,294,292
9520,310,298,286
9521,310,292,276
9522,309,281,269
9523,310,274,273
9524,310,277,284
9525,310,282,290
9526,310,285,295
9527,310,286,292
9528,310,282,285
9529,310,277,280
9530,310,276,280
9531,310,284,288
9532,310,292,296
9533,310,302,298
9534,310,298,292
9535,310,286,286
9536,310,276,278
9537,310,274,278
9538,310,281,281
9539,310,292,290
9540,310,294,292
9541,310,294,292
9542,310,295,286
9543,310,294,281
9544,310,290,278
9545,310,287,279
9546,310,282,280
9547,310,279,282
9548,310,280,284
9549,310,286,284
9550,310,290,286
9551,310,295,284
9552,310,292,281
9553,310,284,280
9554,310,276,279
9555,310,279,282
9556,310,288,287
9557,310,294,296
9558,311,292,296
9559,310,280,292
9560,310,276,280
9561,310,276,273
9562,310,286,272
9563,310,296,282
9564,310,300,296
9565,310,290,308
9566,310,279,306
9567,310,274,286
9568,310,273,276
9569,311,276,276
9570,310,276,286
9571,310,278,292
9572,310,292,293
9573,310,300,292
9574,310,300,292
9575,310,288,288
9576,310,280,281
9577,310,270,276
9578,310,268,280
9579,310,268,288
9580,310,280,296
9581,310,294,296
9582,310,308,293
9583,310,298,286
9584,310,279,280
9585,310,264,272
9586,310,265,274
9587,310,282,284
9588,310,292,298
9589,310,294,300
9590,310,292,292
9591,310,288,280
9592,310,282,276
9593,310,276,280
9594,310,276,288
9595,310,282,292
9596,310,290,288
9597,310,292,284
9598,310,287,282
9599,310,284,285
9600,310,276,290
9601,310,270,294
9602,310,271,294
9603,310,284,288
9604,310,294,284
9605,310,300,282
9606,310,292,284
9607,310,278,286
9608,310,270,292
9609,310,271,292
9610,310,274,290
9611,310,278,290
9612,310,282,290
9613,310,290,292
9614,310,296,289
9615,310,294,286
9616,310,284,282
9617,310,278,280
9618,311,277,278
9619,310,281,282
9620,310,284,288
9621,310,288,294
9622,310,288,292
9623,310,286,284
9624,310,284,276
9625,310,281,274
9626,310,285,280
9627,310,290,288
9628,310,292,292
9629,311,285,288
9630,310,278,280
9631,310,271,272
9632,310,274,272
9633,310,282,278
9634,310,290,292
9635,310,292,298
9636,310,290,296
9637,310,279,285
9638,310,270,278
9639,310,269,274
9640,310,274,278
9641,310,285,284
9642,310,289,292
9643,310,286,294
9644,310,280,292
9645,310,277,284
9646,310,276,279
9647,310,278,279
9648,310,279,284
9649,310,282,289
9650,310,284,292
9651,310,281,290
9652,310,278,282
9653,310,278,278
9654,310,282,278
9655,310,284,281
9656,310,284,284
9657,310,284,288
9658,310,284,287
9659,310,284,284
9660,310,280,280
9661,310,278,278
9662,310,280,280
9663,310,288,286
9664,310,292,286
9665,310,289,284
9666,310,286,280
9667,310,281,277
9668,310,280,278
9669,310,281,281
9670,310,285,286
9671,310,286,290
9672,310,290,290
9673,310,287,284
9674,310,284,280
9675,310,280,278
9676,310,282,282
9677,310,284,286
9678,311,286,289
9679,310,286,288
9680,310,285,286
9681,310,286,282
9682,310,284,280
9683,310,282,278
9684,310,284,278
9685,310,287,280
9686,310,288,282
9687,310,286,284
9688,310,284,284
9689,311,281,281
9690,310,284,280
9691,310,284,276
9692,310,282,276
9693,310,282,280
9694,310,286,284
9695,310,289,286
9696,310,288,284
9697,310,286,281
9698,310,280,277
9699,310,280,276
9700,310,282,276
9701,310,284,282
9702,310,288,286
9703,310,292,290
9704,310,292,288
9705,310,287,284
9706,310,281,277
9707,310,278,276
9708,310,282,277
9709,310,286,282
9710,310,287,286
9711,310,288,290
9712,310,287,290
9713,310,285,286
9714,310,284,278
9715,310,284,273
9716,310,288,272
9717,310,293,278
9718,310,293,282
9719,310,288,286
9720,310,284,286
9721,310,281,282
9722,310,278,276
9723,309,278,274
9724,310,284,276
9725,310,289,282
9726,310,297,286
9727,310,300,288
9728,310,294,284
9729,310,286,278
9730,310,281,274
9731,310,278,272
9732,310,282,276
9733,310,289,280
9734,310,298,284
9735,310,300,288
9736,310,292,287
9737,310,279,282
9738,311,276,278
9739,310,281,274
9740,310,290,276
9741,310,292,280
9742,310,287,292
9743,310,279,296
9744,310,272,295
9745,310,274,288
9746,310,277,284
9747,309,285,280
9748,310,290,282
9749,311,292,285
9750,310,290,292
9751,310,288,292
9752,310,286,288
9753,310,282,280
9754,310,280,276
9755,310,280,271
9756,310,285,280
9757,310,294,292
9758,310,294,300
9759,310,292,297
9760,309,286,279
9761,310,282,268
9762,310,279,268
9763,310,282,276
9764,310,287,284
9765,310,298,293
9766,310,300,292
9767,310,292,288
9768,310,276,279
9769,310,270,276
9770,310,276,276
9771,310,285,286
9772,310,289,294
9773,310,286,296
9774,310,284,290
9775,310,286,284
9776,310,288,278
9777,310,286,279
9778,310,284,285
9779,310,282,292
9780,310,284,296
9781,310,285,296
9782,310,286,292
9783,310,284,288
9784,310,282,284
9785,310,280,284
9786,310,284,288
9787,310,289,292
9788,310,298,290
9789,310,298,286
9790,310,294,284
9791,310,282,284
9792,310,272,282
9793,310,269,284
9794,310,274,288
9795,310,280,292
9796,310,293,295
9797,310,300,289
9798,311,298,282
9799,310,284,276
9800,310,273,276
9801,310,264,280
9802,310,273,289
9803,310,284,293
9804,310,296,294
9805,310,296,292
9806,310,287,286
9807,310,273,278
9808,310,265,276
9809,311,271,280
9810,310,284,292
9811,310,306,298
9812,310,308,296
9813,310,296,292
9814,310,268,280
9815,310,254,274
9816,310,257,276
9817,310,280,287
9818,310,298,296
9819,310,311,302
9820,310,305,298
9821,310,289,288
9822,310,268,273
9823,310,260,270
9824,310,264,276
9825,310,276,290
9826,310,284,296
9827,310,294,298
9828,310,296,293
9829,310,292,286
9830,310,284,278
9831,310,276,272
9832,310,271,276
9833,310,273,284
9834,310,278,290
9835,310,286,296
9836,310,292,294
9837,310,295,285
9838,310,290,276
9839,310,282,274
9840,310,272,276
9841,310,272,284
9842,310,280,290
9843,310,288,294
9844,310,290,293
9845,310,287,285
9846,310,282,278
9847,309,278,278
9848,310,278,281
9849,310,278,284
9850,310,281,292
9851,310,284,292
9852,310,285,289
9853,310,284,284
9854,310,282,281
9855,310,281,280
9856,310,279,282
9857,310,277,284
9858,311,276,286
9859,310,279,290
9860,310,289,292
9861,310,294,288
9862,310,292,284
9863,310,281,279
9864,310,276,276
9865,310,273,278
9866,310,279,284
9867,310,284,288
9868,310,293,292
9869,311,296,288
9870,310,292,284
9871,310,278,276
9872,310,272,274
9873,310,273,276
9874,310,281,284
9875,310,287,290
9876,310,290,292
9877,310,288,288
9878,310,286,281
9879,310,281,272
9880,310,276,271
9881,310,276,278
9882,310,280,288
9883,310,285,296
9884,310,286,297
9885,310,284,290
9886,310,282,278
9887,310,284,269
9888,310,282,268
9889,310,282,279
9890,310,284,292
9891,310,286,300
9892,310,287,296
9893,310,286,289
9894,310,280,276
9895,309,278,270
9896,310,280,273
9897,310,284,284
9898,310,286,292
9899,310,290,298
9900,310,290,290
9901,310,286,280
9902,310,279,268
9903,310,276,265
9904,310,279,270
9905,310,288,284
9906,310,294,292
9907,310,293,296
9908,310,290,290
9909,310,282,279
9910,310,277,269
9911,310,276,268
9912,310,284,274
9913,310,288,284
9914,310,296,290
9915,310,294,288
9916,310,288,284
9917,310,281,279
9918,311,280,276
9919,310,284,276
9920,310,284,282
9921,310,285,286
9922,310,285,290
9923,310,290,287
9924,310,292,282
9925,310,288,276
9926,310,284,277
9927,310,280,280
9928,310,282,284
9929,311,284,286
9930,310,286,288
9931,310,286,286
9932,310,284,282
9933,310,284,277
9934,310,282,276
9935,310,286,280
9936,310,289,284
9937,310,290,285
9938,310,286,284
9939,310,284,280
9940,310,282,276
9941,310,286,276
9942,310,288,280
9943,310,288,284
9944,310,289,286
9945,310,292,284
9946,310,290,280
9947,310,287,277
9948,310,286,274
9949,310,288,276
9950,310,292,280
9951,310,292,286
9952,310,289,286
9953,310,285,284
9954,310,282,282
9955,310,276,281
9956,310,273,282
9957,310,276,286
9958,310,287,292
9959,310,295,294
9960,310,296,292
9961,310,286,286
9962,310,278,282
9963,310,272,279
9964,310,272,282
9965,310,276,286
9966,310,289,292
9967,310,296,292
9968,310,300,288
9969,310,294,282
9970,310,287,278
9971,310,278,280
9972,310,278,284
9973,310,278,284
9974,310,284,286
9975,310,290,284
9976,310,298,282
9977,310,300,282
9978,311,295,282
9979,310,286,280
9980,310,279,282
9981,310,276,280
9982,310,276,280
9983,310,280,284
9984,310,292,288
9985,310,300,288
9986,310,300,286
9987,310,288,284
9988,310,278,280
9989,311,268,280
9990,310,274,284
9991,310,280,286
9992,310,287,292
9993,310,292,294
9994,310,294,292
9995,310,290,288
9996,310,284,286
9997,310,274,284
9998,310,271,286
9999,310,274,289
10000,310,279,292
10001,310,282,294
10002,310,289,294
10003,310,294,286
10004,310,293,282
10005,310,286,284
10006,310,278,286
10007,310,271,290
10008,310,276,290
10009,310,282,288
10010,310,290,288
10011,310,294,285
10012,310,294,282
10013,310,286,282
10014,310,277,284
10015,310,274,288
10016,310,276,289
10017,310,288,288
10018,310,294,284
10019,310,294,281
10020,310,292,282
10021,310,286,288
10022,310,280,290
10023,310,278,284
10024,310,282,278
10025,310,288,284
10026,310,290,290
10027,310,289,289
10028,310,288,282
10029,310,288,284
10030,310,284,289
10031,310,280,292
10032,310,282,290
10033,310,286,286
10034,310,285,285
10035,310,284,284
10036,310,284,280
10037,310,284,280
10038,311,286,284
10039,310,284,290
10040,310,278,296
10041,310,276,294
10042,310,277,287
10043,310,280,281
10044,310,282,280
10045,310,282,282
10046,310,281,284
10047,310,284,287
10048,310,285,290
10049,311,282,290
10050,310,277,286
10051,309,276,278
10052,310,276,278
10053,310,281,282
10054,310,287,289
10055,310,289,292
10056,310,288,292
10057,310,282,286
10058,310,276,280
10059,310,273,276
10060,310,278,278
10061,310,289,282
10062,310,294,288
10063,310,292,292
10064,310,284,290
10065,310,280,282
10066,310,280,276
10067,310,276,280
10068,310,274,287
10069,310,284,292
10070,310,294,288
10071,310,303,284
10072,310,296,281
10073,310,284,279
10074,310,268,276
10075,310,264,274
10076,310,270,278
10077,310,284,292
10078,310,296,302
10079,310,310,302
10080,310,303,288
10081,310,284,274
10082,310,254,260
10083,309,248,262
10084,310,273,274
10085,310,303,296
10086,310,312,306
10087,310,298,302
10088,310,280,284
10089,310,268,270
10090,310,269,264
10091,310,273,268
10092,310,282,285
10093,310,288,297
10094,310,292,298
10095,310,290,290
10096,310,287,280
10097,310,279,271
10098,311,272,269
10099,310,271,272
10100,310,280,286
10101,310,288,298
10102,310,298,302
10103,310,292,292
10104,310,280,281
10105,310,272,268
10106,310,276,268
10107,310,284,276
10108,310,292,292
10109,311,294,296
10110,310,292,294
10111,310,289,284
10112,310,284,274
10113,310,276,264
10114,310,278,264
10115,310,286,270
10116,310,297,284
10117,310,302,292
10118,310,298,296
10119,310,289,288
10120,310,274,276
10121,310,266,264
10122,310,268,264
10123,310,284,276
10124,310,300,289
10125,310,308,296
10126,310,298,292
10127,310,284,282
10128,310,266,270
10129,310,268,270
10130,310,273,276
10131,310,284,288
10132,310,290,294
10133,310,294,292
10134,310,292,284
10135,310,287,276
10136,310,279,274
10137,310,274,278
10138,310,271,284
10139,310,276,286
10140,310,282,286
10141,310,294,284
10142,310,298,281
10143,310,293,282
10144,310,281,282
10145,310,276,280
10146,310,276,279
10147,310,284,280
10148,310,287,282
10149,310,288,282
10150,310,289,282
10151,310,292,282
10152,310,290,280
10153,310,287,280
10154,310,286,280
10155,310,286,279
10156,310,288,278
10157,310,286,278
10158,311,282,279
10159,310,281,289
10160,310,288,292
10161,310,294,291
10162,310,296,283
10163,310,293,276
10164,310,282,272
10165,310,276,276
10166,310,274,280
10167,310,280,287
10168,310,288,290
10169,311,300,288
10170,310,300,286
10171,310,294,286
10172,310,284,286
10173,310,279,288
10174,310,276,289
10175,310,276,290
10176,310,276,288
10177,310,284,285
10178,310,294,282
10179,310,298,282
10180,310,295,284
10181,310,292,288
10182,310,284,290
10183,310,278,288
10184,310,276,284
10185,310,280,278
10186,310,285,278
10187,310,292,281
10188,310,292,286
10189,310,290,289
10190,310,290,288
10191,310,290,281
10192,310,286,276
10193,310,279,276
10194,310,276,278
10195,310,277,284
10196,310,285,290
10197,310,292,292
10198,310,292,290
10199,310,292,284
10200,310,290,279
10201,310,284,278
10202,310,276,281
10203,310,274,288
10204,310,277,292
10205,310,292,292
10206,310,296,288
10207,310,293,286
10208,310,284,286
10209,310,277,286
10210,310,276,288
10211,310,280,292
10212,310,285,292
10213,310,292,286
10214,310,290,278
10215,310,282,278
10216,310,272,288
10217,310,272,296
10218,311,282,300
10219,310,290,295
10220,310,289,290
10221,310,282,281
10222,310,277,278
10223,310,279,278
10224,310,285,284
10225,310,289,289
10226,310,293,294
10227,310,290,290
10228,310,279,284
10229,311,268,280
10230,310,268,284
10231,310,278,290
10232,310,294,292
10233,310,300,290
10234,310,293,286
10235,310,286,284
10236,310,277,280
10237,310,276,278
10238,310,278,280
10239,310,284,286
10240,310,288,290
10241,310,293,292
10242,310,292,290
10243,310,286,288
10244,310,279,288
10245,310,278,286
10246,310,276,284
10247,310,277,284
10248,310,280,286
10249,310,292,288
10250,310,298,290
10251,310,296,290
10252,310,280,288
10253,310,271,288
10254,310,268,284
10255,310,277,284
10256,310,286,288
10257,310,296,292
10258,310,294,292
10259,310,284,288
10260,310,272,281
10261,310,268,277
10262,310,276,280
10263,310,289,286
10264,310,296,292
10265,310,290,292
10266,310,281,288
10267,310,271,280
10268,310,273,276
10269,310,279,278
10270,310,286,284
10271,310,290,291
10272,310,289,290
10273,310,282,284
10274,310,276,280
10275,310,274,276
10276,310,279,279
10277,310,286,284
10278,311,288,292
10279,310,286,292
10280,310,280,292
10281,310,279,286
10282,310,278,280
10283,310,278,276
10284,310,279,279
10285,310,284,286
10286,310,288,292
10287,310,288,293
10288,310,284,287
10289,311,280,282
10290,310,276,278
10291,310,276,278
10292,310,276,281
10293,310,284,290
10294,310,289,294
10295,310,292,292
10296,310,286,282
10297,310,280,274
10298,310,272,274
10299,310,277,280
10300,310,284,287
10301,310,290,294
10302,310,292,292
10303,310,286,286
10304,310,280,277
10305,310,277,273
10306,310,279,273
10307,310,282,282
10308,310,290,290
10309,310,289,292
10310,310,285,290
10311,310,281,284
10312,310,280,278
10313,310,281,278
10314,310,284,282
10315,310,284,285
10316,310,284,289
10317,310,286,288
10318,310,285,286
10319,310,282,284
10320,310,281,282
10321,310,282,282
10322,310,284,286
10323,310,284,286
10324,310,284,284
10325,310,286,280
10326,310,292,276
10327,310,292,271
10328,310,289,272
10329,310,286,280
10330,310,286,288
10331,310,286,289
10332,310,284,284
10333,310,284,276
10334,309,282,268
10335,310,284,270
10336,310,286,276
10337,310,290,289
10338,311,293,294
10339,310,292,290
10340,310,284,277
10341,310,276,270
10342,310,273,268
10343,310,276,277
10344,310,289,288
10345,310,294,300
10346,310,290,298
10347,310,282,286
10348,310,279,271
10349,311,279,266
10350,310,282,272
10351,310,285,284
10352,310,286,295
10353,310,287,296
10354,310,285,289
10355,310,282,276
10356,310,284,270
10357,310,288,270
10358,310,288,280
10359,310,286,289
10360,310,286,294
10361,310,286,286
10362,310,288,277
10363,309,288,268
10364,310,284,265
10365,310,284,274
10366,310,289,284
10367,310,292,289
10368,310,292,288
10369,310,289,282
10370,310,284,276
10371,310,284,271
10372,310,282,272
10373,310,284,279
10374,310,288,289
10375,310,297,292
10376,310,294,285
10377,310,286,280
10378,309,274,274
10379,310,272,274
10380,310,280,277
10381,310,292,284
10382,310,293,288
10383,310,290,292
10384,310,284,288
10385,310,277,284
10386,310,276,284
10387,310,280,286
10388,310,292,292
10389,310,296,292
10390,310,294,290
10391,310,284,284
10392,310,279,284
10393,310,280,286
10394,310,284,292
10395,310,286,292
10396,310,290,288
10397,310,290,280
10398,311,292,276
10399,310,293,278
10400,310,293,282
10401,310,292,290
10402,310,286,290
10403,310,278,286
10404,310,272,280
10405,310,274,278
10406,310,289,280
10407,310,301,284
10408,310,304,287
10409,311,294,284
10410,310,284,278
10411,310,274,276
10412,310,276,281
10413,310,281,288
10414,310,294,294
10415,310,300,292
10416,310,296,286
10417,310,284,280
10418,310,274,277
10419,310,274,282
10420,310,286,292
10421,310,296,294
10422,310,296,296
10423,310,292,292
10424,310,277,286
10425,310,271,280
10426,310,272,281
10427,310,282,288
10428,310,288,296
10429,310,294,296
10430,310,290,289
10431,310,282,284
10432,310,272,280
10433,310,271,281
10434,310,276,286
10435,310,285,294
10436,310,290,296
10437,310,292,294
10438,310,292,284
10439,310,286,276
10440,310,279,273
10441,310,277,278
10442,310,281,286
10443,310,286,292
10444,310,286,294
10445,310,282,290
10446,310,279,285
10447,310,280,281
10448,310,281,278
10449,310,280,281
10450,310,280,289
10451,310,284,293
10452,310,284,292
10453,310,284,286
10454,310,282,282
10455,310,276,282
10456,310,274,286
10457,310,276,288
10458,311,282,290
10459,310,286,293
10460,310,292,294
10461,310,288,292
10462,310,285,288
10463,310,279,282
10464,310,276,282
10465,310,278,284
10466,310,282,285
10467,310,284,286
10468,310,288,292
10469,311,290,294
10470,310,287,294
10471,310,280,288
10472,310,277,280
10473,309,276,274
10474,310,280,277
10475,310,286,282
10476,310,289,292
10477,310,289,300
10478,310,286,300
10479,310,279,286
10480,310,274,276
10481,310,276,266
10482,309,280,270
10483,310,292,282
10484,310,297,300
10485,310,294,302
10486,310,284,294
10487,310,277,278
10488,310,270,268
10489,310,270,268
10490,310,274,278
10491,310,288,292
10492,310,298,300
10493,310,298,300
10494,310,284,286
10495,310,276,274
10496,310,268,268
10497,310,270,274
10498,310,276,285
10499,310,288,300
10500,310,292,302
10501,310,292,294
10502,310,282,278
10503,309,276,269
10504,310,270,270
10505,310,276,284
10506,310,280,294
10507,310,287,301
10508,310,292,296
10509,310,288,284
10510,310,280,270
10511,310,273,268
10512,310,269,274
10513,310,272,288
10514,310,288,296
10515,310,295,296
10516,310,292,292
10517,310,284,278
10518,310,276,270
10519,310,274,270
10520,310,278,278
10521,310,280,286
10522,310,287,296
10523,310,292,293
10524,310,292,286
10525,310,286,276
10526,310,282,272
10527,310,278,277
10528,310,278,286
10529,311,280,290
10530,310,286,290
10531,310,288,288
10532,310,292,284
10533,309,289,276
10534,310,282,276
10535,310,276,282
10536,310,274,290
10537,310,278,294
10538,310,287,292
10539,310,292,286
10540,310,294,276
10541,309,294,270
10542,310,288,268
10543,310,280,274
10544,310,278,284
10545,310,278,292
10546,310,282,293
10547,310,285,289
10548,310,289,278
10549,310,289,272
10550,310,288,273
10551,310,285,278
10552,310,284,282
10553,310,284,288
10554,310,284,289
10555,310,284,286
10556,310,284,278
10557,310,284,274
10558,310,282,276
10559,310,287,281
10560,310,290,285
10561,310,288,290
10562,310,287,290
10563,310,284,287
10564,310,280,280
10565,310,280,276
10566,310,284,274
10567,310,286,278
10568,310,290,282
10569,310,290,287
10570,310,288,288
10571,310,284,288
10572,310,281,284
10573,310,279,281
10574,310,280,276
10575,310,284,274
10576,310,292,276
10577,310,298,280
10578,311,300,284
10579,310,292,286
10580,310,286,285
10581,310,278,280
10582,310,278,274
10583,310,282,272
10584,310,292,276
10585,310,295,284
10586,310,296,289
10587,310,290,288
10588,310,284,284
10589,311,281,276
10590,310,284,270
10591,310,288,270
10592,310,289,276
10593,310,289,282
10594,310,288,289
10595,310,290,290
10596,310,292,286
10597,310,289,278
10598,310,286,276
10599,310,280,278
10600,310,276,286
10601,310,274,292
10602,310,279,296
10603,310,284,292
10604,310,286,286
10605,310,284,280
10606,310,282,278
10607,310,284,284
10608,310,289,292
10609,310,290,294
10610,310,284,292
10611,310,278,284
10612,310,273,278
10613,309,276,278
10614,310,284,282
10615,310,294,288
10616,310,298,292
10617,310,300,288
10618,310,290,278
10619,310,282,274
10620,309,278,276
10621,310,282,281
10622,310,288,286
10623,310,292,292
10624,310,289,290
10625,310,284,284
10626,310,288,277
10627,310,294,276
10628,310,298,282
10629,310,298,286
10630,310,290,287
10631,310,278,286
10632,310,270,286
10633,310,271,284
10634,310,279,288
10635,310,300,290
10636,310,306,290
10637,310,298,288
10638,311,278,285
10639,310,268,284
10640,310,266,284
10641,310,276,289
10642,310,286,292
10643,310,293,296
10644,310,293,294
10645,310,285,288
10646,310,276,284
10647,310,274,282
10648,310,282,282
10649,311,286,284
10650,310,285,288
10651,310,276,290
10652,310,271,288
10653,310,280,288
10654,310,290,287
10655,310,292,286
10656,310,288,284
10657,310,282,284
10658,310,279,282
10659,310,284,282
10660,310,286,282
10661,310,284,286
10662,310,282,288
10663,310,279,286
10664,310,282,286
10665,310,287,286
10666,310,292,286
10667,310,288,284
10668,310,282,285
10669,310,280,288
10670,310,284,290
10671,310,293,292
10672,310,292,292
10673,310,284,290
10674,310,273,280
10675,310,274,274
10676,310,280,277
10677,310,292,292
10678,310,298,300
10679,310,298,303
10680,310,290,294
10681,310,276,284
10682,310,261,270
10683,309,260,272
10684,310,279,280
10685,310,300,292
10686,310,308,296
10687,310,300,292
10688,310,288,285
10689,310,268,278
10690,310,260,272
10691,310,260,274
10692,310,276,290
10693,310,292,297
10694,310,300,296
10695,310,296,288
10696,309,286,278
10697,310,272,270
10698,311,270,272
10699,310,274,278
10700,310,280,290
10701,310,284,298
10702,310,286,296
10703,310,284,286
10704,310,281,281
10705,310,280,278
10706,310,282,282
10707,310,286,288
10708,310,287,290
10709,311,284,287
10710,310,280,284
10711,310,278,280
10712,310,278,280
10713,310,281,282
10714,310,286,286
10715,310,292,292
10716,310,292,295
10717,310,286,294
10718,310,278,284
10719,310,276,277
10720,310,277,272
10721,310,282,274
10722,310,286,278
10723,310,292,288
10724,310,292,292
10725,310,289,293
10726,310,281,288
10727,310,274,282
10728,310,271,276
10729,310,278,273
10730,310,285,276
10731,310,292,284
10732,310,294,289
10733,310,292,292
10734,310,284,290
10735,310,276,286
10736,309,272,274
10737,310,272,272
10738,310,281,274
10739,310,287,284
10740,310,289,289
10741,310,289,294
10742,310,288,292
10743,309,284,286
10744,310,278,279
10745,310,276,276
10746,310,276,279
10747,309,281,285
10748,310,285,288
10749,310,288,290
10750,310,290,288
10751,310,290,282
10752,310,286,278
10753,310,284,278
10754,310,280,282
10755,310,279,288
10756,310,282,290
10757,310,286,286
10758,311,286,284
10759,310,290,276
10760,310,294,276
10761,310,293,278
10762,310,288,284
10763,310,284,284
10764,310,279,282
10765,310,284,279
10766,310,284,277
10767,310,288,278
10768,310,290,282
10769,311,294,285
10770,310,292,285
10771,310,288,284
10772,310,282,279
10773,310,278,276
10774,310,281,274
10775,310,287,278
10776,310,290,282
10777,310,294,289
10778,310,293,292
10779,310,288,288
10780,310,278,282
10781,310,274,276
10782,310,277,274
10783,309,288,280
10784,310,295,284
10785,310,295,288
10786,310,292,288
10787,310,284,284
10788,310,277,278
10789,310,274,277
10790,310,278,280
10791,310,284,284
10792,310,294,286
10793,310,296,284
10794,310,292,280
10795,309,284,279
10796,310,280,280
10797,310,280,281
10798,309,282,282
10799,310,285,282
10800,310,290,281
10801,310,292,280
10802,310,292,281
10803,310,290,281
10804,310,292,282
10805,310,294,280
10806,310,292,276
10807,310,284,277
10808,310,277,278
10809,310,278,282
10810,310,288,284
10811,310,294,285
10812,310,292,284
10813,310,284,286
10814,310,276,286
10815,310,274,286
10816,310,282,287
10817,310,290,287
10818,311,294,286
10819,310,288,284
10820,310,279,284
10821,310,273,284
10822,310,276,288
10823,310,289,290
10824,310,294,288
10825,310,292,286
10826,310,284,282
10827,310,279,280
10828,310,282,281
10829,311,286,285
10830,310,288,286
10831,310,286,284
10832,310,287,280
10833,310,286,280
10834,310,288,282
10835,310,290,286
10836,310,292,288
10837,310,288,284
10838,310,280,280
10839,310,272,274
10840,310,272,277
10841,310,290,282
10842,310,304,290
10843,310,304,292
10844,310,292,288
10845,310,276,280
10846,310,264,276
10847,310,268,278
10848,310,276,284
10849,310,294,296
10850,310,306,302
10851,310,305,297
10852,310,290,284
10853,310,278,276
10854,310,266,272
10855,310,266,280
10856,310,272,289
10857,310,286,300
10858,310,293,304
10859,310,300,300
10860,310,292,286
10861,310,282,278
10862,310,271,274
10863,310,273,279
10864,310,279,286
10865,310,287,295
10866,310,290,296
10867,310,288,293
10868,310,287,284
10869,310,284,278
10870,310,278,276
10871,310,277,281
10872,310,282,289
10873,310,286,294
10874,310,288,292
10875,310,288,284
10876,310,286,278
10877,310,286,278
10878,311,284,280
10879,310,282,282
10880,310,284,290
10881,310,286,292
10882,310,287,292
10883,310,284,286
10884,310,281,284
10885,310,282,284
10886,310,288,288
10887,310,292,288
10888,310,287,287
10889,311,284,286
10890,310,280,284
10891,310,280,284
10892,310,282,284
10893,310,286,286
10894,310,288,288
10895,310,289,290
10896,310,284,288
10897,310,276,284
10898,310,272,284
10899,310,276,286
10900,310,282,286
10901,310,288,285
10902,310,290,284
10903,310,288,284
10904,310,284,285
10905,310,279,286
10906,310,272,285
10907,310,271,286
10908,310,276,286
10909,310,282,284
10910,310,286,284
10911,310,290,284
10912,310,290,286
10913,310,286,286
10914,310,279,284
10915,310,273,280
10916,310,271,282
10917,310,276,285
10918,310,282,286
10919,310,290,288
10920,310,292,286
10921,310,290,284
10922,310,284,285
10923,310,278,284
10924,310,274,280
10925,310,276,282
10926,310,284,282
10927,310,288,284
10928,310,289,286
10929,310,288,287
10930,310,286,286
10931,310,284,285
10932,310,281,284
10933,310,280,280
10934,310,280,282
10935,310,284,282
10936,310,284,284
10937,310,286,284
10938,311,288,284
10939,310,288,284
10940,310,284,284
10941,310,281,284
10942,310,278,282
10943,310,278,282
10944,310,284,280
10945,310,286,282
10946,310,285,284
10947,310,284,284
10948,310,284,284
10949,311,284,284
10950,310,282,282
10951,310,280,280
10952,310,278,280
10953,310,281,284
10954,310,282,286
10955,310,284,286
10956,310,285,284
10957,310,287,282
10958,310,285,281
10959,310,282,282
10960,310,279,282
10961,310,278,285
10962,310,282,286
10963,310,285,284
10964,310,285,284
10965,310,286,282
10966,310,287,281
10967,310,286,280
10968,310,285,280
10969,310,284,279
10970,310,284,276
10971,310,288,276
10972,310,290,276
10973,310,287,280
10974,310,287,284
10975,310,288,284
10976,310,288,282
10977,310,285,280
10978,310,282,277
10979,310,280,276
10980,310,286,278
10981,310,290,280
10982,310,292,282
10983,310,289,284
10984,310,286,282
10985,310,282,280
10986,310,280,281
10987,310,281,282
10988,310,284,284
10989,310,287,285
10990,310,286,284
10991,310,285,284
10992,310,286,284
10993,310,289,284
10994,310,288,284
10995,310,282,284
10996,310,277,280
10997,310,276,278
10998,311,285,278
10999,310,292,282
11000,310,292,284
11001,310,290,288
11002,310,286,284
11003,310,279,282
11004,310,276,278
11005,310,277,278
11006,310,286,278
11007,310,294,280
11008,310,296,281
11009,311,292,282
11010,310,286,284
11011,310,281,282
11012,310,282,280
11013,310,284,279
11014,310,288,278
11015,310,289,279
11016,310,288,282
11017,310,286,287
11018,310,286,288
11019,310,290,286
11020,310,292,281
11021,310,292,276
11022,310,284,276
11023,310,280,280
11024,310,281,286
11025,310,288,292
11026,310,293,290
11027,310,292,285
11028,310,288,284
11029,310,281,284
11030,310,278,286
11031,310,278,288
11032,310,282,292
11033,310,287,290
11034,310,292,286
11035,310,292,281
11036,310,287,278
11037,310,284,284
11038,310,284,290
11039,310,284,292
11040,310,284,289
11041,310,285,284
11042,310,285,278
11043,310,288,276
11044,310,290,279
11045,310,290,284
11046,310,290,290
11047,310,287,290
11048,310,282,286
11049,310,276,284
11050,310,276,276
11051,310,281,276
11052,310,292,279
11053,310,296,286
11054,310,295,288
11055,310,288,290
11056,310,284,288
11057,310,282,284
11058,311,280,282
11059,310,279,282
11060,310,279,284
11061,310,284,286
11062,310,288,288
11063,310,294,290
11064,310,294,293
11065,310,292,293
11066,310,282,286
11067,310,276,282
11068,310,272,278
11069,311,276,282
11070,310,284,290
11071,310,292,296
11072,310,294,296
11073,310,288,292
11074,310,282,286
11075,310,276,281
11076,310,273,280
11077,310,276,284
11078,310,287,290
11079,310,292,294
11080,310,290,292
11081,310,280,288
11082,310,274,285
11083,310,276,284
11084,310,284,284
11085,310,288,284
11086,310,292,286
11087,310,289,286
11088,310,282,287
11089,310,278,287
11090,310,278,285
11091,310,282,284
11092,310,288,286
11093,310,289,286
11094,310,286,286
11095,310,285,286
11096,310,284,286
11097,310,282,286
11098,310,279,288
11099,310,278,288
11100,310,280,288
11101,310,286,288
11102,310,290,288
11103,310,289,287
11104,310,286,287
11105,310,284,286
11106,310,279,286
11107,310,278,286
11108,310,280,288
11109,310,284,290
11110,310,288,290
11111,310,289,290
11112,310,286,286
11113,310,284,286
11114,310,284,286
11115,310,282,284
11116,310,281,284
11117,310,282,282
11118,311,284,282
11119,310,288,284
11120,310,290,286
11121,310,287,287
11122,310,282,290
11123,310,278,286
11124,310,276,282
11125,310,276,278
11126,310,280,279
11127,310,286,284
11128,310,290,289
11129,311,290,292
11130,310,280,288
11131,310,276,284
11132,310,270,280
11133,310,274,279
11134,310,278,281
11135,310,288,288
11136,310,292,293
11137,310,292,294
11138,310,282,286
11139,310,274,280
11140,310,269,276
11141,310,274,280
11142,310,281,286
11143,310,288,293
11144,310,292,294
11145,310,289,290
11146,310,284,282
11147,310,278,278
11148,310,273,278
11149,310,273,282
11150,310,282,286
11151,310,290,288
11152,310,292,288
11153,310,286,284
11154,310,282,281
11155,310,278,280
11156,310,280,282
11157,310,282,282
11158,310,284,286
11159,310,288,285
11160,310,287,284
11161,310,284,282
11162,310,282,280
11163,310,282,280
11164,310,284,281
11165,310,287,284
11166,310,286,287
11167,310,284,290
11168,310,280,288
11169,310,280,281
11170,310,280,278
11171,309,284,282
11172,310,286,288
11173,310,288,290
11174,310,288,286
11175,310,286,280
11176,310,278,278
11177,310,276,282
11178,310,276,284
11179,310,280,290
11180,311,285,292
11181,310,290,290
11182,310,292,282
11183,310,290,274
11184,310,288,266
11185,309,284,268
11186,310,284,274
11187,310,286,284
11188,310,288,288
11189,310,290,290
11190,310,288,284
11191,311,284,276
11192,310,281,268
11193,310,282,270
11194,310,286,278
11195,310,292,288
11196,310,292,290
11197,310,288,285
11198,310,285,278
11199,310,279,273
11200,310,278,276
11201,310,278,280
11202,310,285,289
11203,310,289,292
11204,310,294,292
11205,310,290,284
11206,310,284,280
11207,310,277,276
11208,310,278,277
11209,310,282,280
11210,310,285,284
11211,310,287,286
11212,310,287,288
11213,310,288,287
11214,310,288,284
11215,310,286,278
11216,310,284,278
11217,310,280,278
11218,310,280,278
11219,310,282,279
11220,310,288,280
11221,310,293,280
11222,310,296,278
11223,310,292,278
11224,310,284,278
11225,310,278,279
11226,310,282,280
11227,310,286,280
11228,310,292,279
11229,310,292,277
11230,310,288,276
11231,310,286,280
11232,310,286,284
11233,310,288,286
11234,310,290,286
11235,310,290,282
11236,310,285,276
11237,310,280,274
11238,310,277,280
11239,310,280,288
11240,311,288,292
11241,310,292,290
11242,310,286,286
11243,310,276,282
11244,310,274,284
11245,310,278,288
11246,310,292,297
11247,310,298,298
11248,310,300,293
11249,310,292,282
11250,310,282,276
11251,312,274,276
11252,310,276,284
11253,310,287,292
11254,310,295,295
11255,310,296,292
11256,310,294,280
11257,310,292,274
11258,310,288,276
11259,310,284,282
11260,310,280,286
11261,310,278,288
11262,310,285,284
11263,310,290,281
11264,310,292,280
11265,310,292,281
11266,310,288,282
11267,310,285,281
11268,310,284,280
11269,310,284,281
11270,310,284,286
11271,310,290,289
11272,310,292,290
11273,310,288,288
11274,310,281,284
11275,310,276,281
11276,310,276,280
11277,310,284,284
11278,310,292,290
11279,310,297,298
11280,310,294,300
11281,310,284,294
11282,310,268,282
11283,309,263,277
11284,310,270,278
11285,310,284,288
11286,310,295,294
11287,310,302,300
11288,310,300,300
11289,310,289,296
11290,310,274,280
11291,310,264,272
11292,310,264,271
11293,310,276,284
11294,310,292,295
11295,310,306,300
11296,310,308,294
11297,310,293,286
11298,310,278,278
11299,310,266,274
11300,311,263,274
11301,310,269,282
11302,310,288,292
11303,310,300,298
11304,310,302,296
11305,310,295,284
11306,310,285,276
11307,310,276,275
11308,310,271,282
11309,310,271,288
11310,310,280,295
11311,311,288,295
11312,310,292,292
11313,310,289,284
11314,310,286,280
11315,310,280,282
11316,310,280,290
11317,310,280,295
11318,310,280,296
11319,310,280,290
11320,310,280,284
11321,310,280,280
11322,310,281,282
11323,310,287,288
11324,310,290,294
11325,310,289,296
11326,310,281,290
11327,310,274,284
11328,310,272,280
11329,310,278,279
11330,310,284,281
11331,310,288,288
11332,310,290,292
11333,310,286,292
11334,310,284,286
11335,310,279,282
11336,310,277,280
11337,310,280,284
11338,310,287,286
11339,310,288,288
11340,310,284,288
11341,310,281,282
11342,310,284,278
11343,310,289,278
11344,310,292,284
11345,310,288,286
11346,310,284,290
11347,310,280,286
11348,310,277,280
11349,310,274,276
11350,310,276,279
11351,310,284,286
11352,310,292,294
11353,310,294,296
11354,310,286,290
11355,310,279,280
11356,310,270,270
11357,310,270,272
11358,310,273,280
11359,310,284,297
11360,311,290,300
11361,310,292,296
11362,310,285,284
11363,310,277,276
11364,310,272,272
11365,310,276,276
11366,310,280,284
11367,310,284,293
11368,310,284,294
11369,310,284,288
11370,310,282,278
11371,311,280,274
11372,310,278,276
11373,310,278,286
11374,310,284,292
11375,310,286,289
11376,310,285,285
11377,310,282,278
11378,310,281,276
11379,310,282,277
11380,310,284,284
11381,310,286,286
11382,310,286,290
11383,310,286,286
11384,310,284,282
11385,310,280,276
11386,310,279,278
11387,310,284,284
11388,310,287,290
11389,310,290,292
11390,310,288,286
11391,310,284,282
11392,310,284,279
11393,310,282,278
11394,310,280,280
11395,310,282,286
11396,310,286,288
11397,310,290,286
11398,310,292,278
11399,310,290,274
11400,310,285,276
11401,310,284,282
11402,310,280,286
11403,310,278,287
11404,310,280,284
11405,310,286,278
11406,310,292,274
11407,310,294,276
11408,310,292,281
11409,310,288,287
11410,310,284,288
11411,309,278,284
11412,310,277,278
11413,310,282,274
11414,310,288,276
11415,310,293,282
11416,310,294,292
11417,310,292,292
11418,310,284,288
11419,310,282,280
11420,311,278,274
11421,310,279,273
11422,310,284,278
11423,310,294,286
11424,310,297,291
11425,310,294,290
11426,310,284,282
11427,310,278,277
11428,310,277,276
11429,310,281,278
11430,310,284,282
11431,311,292,286
11432,310,296,284
11433,310,295,280
11434,310,288,276
11435,310,284,276
11436,310,280,278
11437,310,284,284
11438,310,287,285
11439,310,288,284
11440,309,288,282
11441,310,290,278
11442,310,293,276
11443,309,294,276
11444,310,292,279
11445,310,288,282
11446,310,284,284
11447,310,282,284
11448,310,281,280
11449,310,284,280
11450,310,288,280
11451,310,292,278
11452,310,290,279
11453,310,289,281
11454,310,287,282
11455,310,287,284
11456,310,286,284
11457,310,279,287
11458,310,273,292
11459,310,268,292
11460,310,271,290
11461,310,278,288
11462,310,292,284
11463,310,300,282
11464,310,301,285
11465,310,292,289
11466,310,280,288
11467,310,270,286
11468,310,271,282
11469,310,278,280
11470,310,290,280
11471,310,296,284
11472,310,300,292
11473,310,295,294
11474,310,288,290
11475,310,280,279
11476,310,276,274
11477,310,280,273
11478,310,288,278
11479,310,292,284
11480,311,297,292
11481,310,296,288
11482,310,290,284
11483,310,284,280
11484,310,278,279
11485,310,278,281
11486,310,288,286
11487,310,297,292
11488,309,300,292
11489,310,294,286
11490,310,280,280
11491,311,273,281
11492,310,272,284
11493,310,282,288
11494,310,289,296
11495,310,300,298
11496,310,295,288
11497,310,285,280
11498,310,272,280
11499,310,268,286
11500,310,268,292
11501,310,281,296
11502,310,290,296
11503,309,292,294
11504,310,288,288
11505,310,280,284
11506,310,276,280
11507,310,277,282
11508,310,286,286
11509,310,287,292
11510,310,282,292
11511,310,278,284
11512,310,278,281
11513,310,290,284
11514,310,296,286
11515,310,296,287
11516,310,286,286
11517,310,276,286
11518,310,270,284
11519,310,276,279
11520,310,287,278
11521,310,300,284
11522,310,302,293
11523,310,292,295
11524,310,276,291
11525,310,268,282
11526,310,272,276
11527,310,284,278
11528,310,292,286
11529,310,297,296
11530,310,294,296
11531,310,288,292
11532,310,280,286
11533,310,274,282
11534,310,270,276
11535,310,274,279
11536,310,281,288
11537,310,292,300
11538,310,298,300
11539,310,300,292
11540,311,292,282
11541,310,276,274
11542,310,260,268
11543,309,260,276
11544,310,276,288
11545,310,293,298
11546,310,301,300
11547,310,297,294
11548,310,285,282
11549,310,270,271
11550,310,266,268
11551,311,269,276
11552,310,282,292
11553,310,292,294
11554,310,292,290
11555,310,285,280
11556,310,280,276
11557,310,278,276
11558,309,280,286
11559,310,284,292
11560,310,280,292
11561,310,279,286
11562,310,282,282
11563,309,286,280
11564,310,288,278
11565,310,288,280
11566,310,286,288
11567,310,280,292
11568,309,276,290
11569,310,276,286
11570,310,284,286
11571,310,290,285
11572,310,290,284
11573,310,282,282
11574,310,277,282
11575,310,276,284
11576,310,284,284
11577,310,289,284
11578,310,288,284
11579,310,284,284
11580,310,278,282
11581,310,276,282
11582,310,278,284
11583,310,284,286
11584,310,288,285
11585,310,289,284
11586,310,286,282
11587,310,281,280
11588,310,278,277
11589,310,280,278
11590,310,282,280
11591,310,284,284
11592,310,284,286
11593,310,286,288
11594,310,286,289
11595,310,284,287
11596,310,280,280
11597,310,278,278
11598,309,281,276
11599,310,282,278
11600,311,284,281
11601,310,288,292
11602,310,292,294
11603,310,288,292
11604,310,280,282
11605,310,274,278
11606,310,272,276
11607,310,282,280
11608,310,292,286
11609,310,295,293
11610,310,293,292
11611,311,286,286
11612,310,279,278
11613,310,276,273
11614,310,279,273
11615,310,282,280
11616,310,290,287
11617,310,293,292
11618,310,290,290
11619,310,288,284
11620,310,286,278
11621,310,284,274
11622,310,282,272
11623,309,280,274
11624,310,282,280
11625,310,288,284
11626,310,292,285
11627,310,292,284
11628,309,290,282
11629,310,285,280
11630,310,280,278
11631,310,279,278
11632,310,282,279
11633,310,282,282
11634,310,287,284
11635,310,288,284
11636,310,286,285
11637,310,286,284
11638,310,287,284
11639,310,286,282
11640,310,284,282
11641,310,282,280
11642,310,281,281
11643,310,284,284
11644,310,286,284
11645,310,288,284
11646,310,290,284
11647,310,292,282
11648,310,286,282
11649,310,281,282
11650,310,279,280
11651,310,280,280
11652,310,286,281
11653,310,290,282
11654,310,290,281
11655,310,292,282
11656,310,292,282
11657,310,287,280
11658,309,282,279
11659,310,281,278
11660,311,284,277
11661,310,289,280
11662,310,294,284
11663,309,296,285
11664,310,295,284
11665,310,290,281
11666,310,284,276
11667,310,279,274
11668,310,281,274
11669,310,284,280
11670,310,286,288
11671,311,284,296
11672,310,282,296
11673,310,282,292
11674,310,285,282
11675,310,285,278
11676,310,282,282
11677,310,282,288
11678,310,284,290
11679,310,289,290
11680,310,290,287
11681,310,284,282
11682,310,279,284
11683,309,280,284
11684,310,286,285
11685,310,292,288
11686,310,292,290
11687,310,288,288
11688,309,282,284
11689,309,280,276
11690,310,281,274
11691,310,285,280
11692,310,290,288
11693,310,292,288
11694,310,292,284
11695,310,292,280
11696,310,288,278
11697,310,285,280
11698,310,284,284
11699,310,284,286
11700,310,284,286
11701,310,290,284
11702,310,292,284
11703,310,288,285
11704,310,282,284
11705,310,282,284
11706,310,285,286
11707,310,287,288
11708,310,286,288
11709,310,279,289
11710,310,280,290
11711,310,280,290
11712,310,281,285
11713,310,284,284
11714,310,286,286
11715,310,282,288
11716,310,278,290
11717,310,280,292
11718,309,280,292
11719,310,284,292
11720,311,282,288
11721,310,278,288
11722,310,276,286
11723,309,280,284
11724,310,288,284
11725,310,296,288
11726,310,296,290
11727,310,290,290
11728,310,286,286
11729,310,279,282
11730,309,278,278
11731,311,282,280
11732,310,292,286
11733,310,296,292
11734,310,298,292
11735,310,294,288
11736,310,288,284
11737,310,284,282
11738,310,282,278
11739,310,280,276
11740,310,286,284
11741,310,293,292
11742,310,294,294
11743,309,290,294
11744,310,286,290
11745,310,279,284
11746,310,279,278
11747,310,282,278
11748,310,286,284
11749,310,290,290
11750,310,290,290
11751,310,285,288
11752,310,279,286
11753,310,276,282
11754,310,277,281
11755,310,284,284
11756,310,287,290
11757,310,286,290
11758,310,284,290
11759,310,280,285
11760,310,276,282
11761,310,274,280
11762,310,277,282
11763,310,284,286
11764,310,288,289
11765,310,288,290
11766,310,280,289
11767,310,276,286
11768,310,274,280
11769,310,276,276
11770,310,278,278
11771,310,287,285
11772,310,292,292
11773,310,292,293
11774,310,284,292
11775,310,276,285
11776,310,270,277
11777,310,276,273
11778,310,281,276
11779,310,290,286
11780,311,295,292
11781,310,296,296
11782,310,290,292
11783,310,279,286
11784,310,268,274
11785,310,266,272
11786,310,280,276
11787,310,294,287
11788,310,300,292
11789,310,296,294
11790,310,288,288
11791,311,277,279
11792,310,272,272
11793,310,273,273
11794,310,279,284
11795,310,286,292
11796,310,289,295
11797,310,288,292
11798,310,287,286
11799,310,284,276
11800,310,281,272
11801,310,279,274
11802,310,279,279
11803,310,280,286
11804,310,286,292
11805,310,286,292
11806,310,284,288
11807,310,281,280
11808,310,280,278
11809,310,280,277
11810,310,282,280
11811,310,282,284
11812,310,284,289
11813,310,286,288
11814,310,284,284
11815,310,280,279
11816,310,279,280
11817,310,281,282
11818,310,284,284
11819,310,286,286
11820,310,286,286
11821,310,284,284
11822,310,284,282
11823,310,282,279
11824,310,281,279
11825,310,285,280
11826,310,290,279
11827,310,293,278
11828,310,292,278
11829,310,288,279
11830,310,284,280
11831,310,284,281
11832,310,284,280
11833,310,284,280
11834,310,285,279
11835,310,288,278
11836,310,292,280
11837,310,290,281
11838,310,287,282
11839,310,284,282
11840,311,281,282
11841,310,280,280
11842,310,280,280
11843,310,284,282
11844,310,289,284
11845,310,290,284
11846,310,288,284
11847,310,284,284
11848,309,280,284
11849,310,282,282
11850,310,284,282
11851,311,284,281
11852,310,285,282
11853,310,288,282
11854,310,288,282
11855,310,286,284
11856,310,280,284
11857,310,278,284
11858,310,280,284
11859,310,284,284
11860,310,286,280
11861,310,290,278
11862,310,292,278
11863,310,289,279
11864,310,285,282
11865,310,284,284
11866,310,284,284
11867,310,285,281
11868,310,286,278
11869,310,284,276
11870,310,286,278
11871,310,292,281
11872,310,292,284
11873,310,290,288
11874,310,284,290
11875,310,280,284
11876,310,280,279
11877,310,284,276
11878,309,288,276
11879,310,292,282
11880,310,292,285
11881,310,288,288
11882,310,281,287
11883,310,280,285
11884,310,284,282
11885,310,292,282
11886,310,293,284
11887,310,288,286
11888,310,284,292
11889,310,280,292
11890,310,279,288
11891,310,280,284
11892,310,287,282
11893,310,292,284
11894,310,296,284
11895,310,295,288
11896,310,290,287
11897,310,282,286
11898,310,278,284
11899,310,276,282
11900,312,278,282
11901,310,281,284
11902,310,294,286
11903,310,300,288
11904,310,300,288
11905,310,286,282
11906,310,276,278
11907,310,269,276
11908,310,276,278
11909,310,284,282
11910,310,298,290
11911,311,302,294
11912,310,296,292
11913,310,281,284
11914,310,271,279
11915,310,269,278
11916,310,279,280
11917,310,290,284
11918,310,295,293
11919,310,294,296
11920,310,288,292
11921,310,282,285
11922,310,279,282
11923,310,280,280
11924,310,280,284
11925,310,284,288
11926,310,282,294
11927,310,279,297
11928,310,284,292
11929,310,292,284
11930,310,298,278
11931,310,289,274
11932,310,276,278
11933,310,262,294
11934,310,270,303
11935,310,284,300
11936,310,300,288
11937,310,300,280
11938,310,286,278
11939,310,274,278
11940,310,274,282
11941,310,286,288
11942,310,294,294
11943,310,294,294
11944,310,281,286
11945,310,271,280
11946,310,271,274
11947,310,282,278
11948,310,293,288
11949,310,297,301
11950,310,294,300
11951,310,281,290
11952,310,274,278
11953,310,271,274
11954,310,276,276
11955,310,282,286
11956,310,292,293
11957,310,293,298
11958,310,289,298
11959,310,284,290
11960,311,280,284
11961,310,278,282
11962,310,276,284
11963,310,273,284
11964,310,279,290
11965,310,288,292
11966,310,294,292
11967,310,292,290
11968,310,286,286
11969,310,278,281
11970,310,276,279
11971,311,278,281
11972,310,284,288
11973,310,290,293
11974,310,295,290
11975,310,289,284
11976,310,279,282
11977,310,272,280
11978,310,276,280
11979,310,288,282
11980,310,296,286
11981,310,294,286
11982,310,284,288
11983,310,276,284
11984,310,270,282
11985,310,276,280
11986,310,282,282
11987,310,290,286
11988,310,290,288
11989,310,284,288
11990,310,276,284
11991,310,274,282
11992,310,278,280
11993,310,282,281
11994,310,282,284
11995,310,284,290
11996,310,284,290
11997,310,284,290
11998,310,281,284
11999,310,277,280
12000,310,276,278
12001,310,278,281
12002,310,284,285
12003,310,287,292
12004,310,288,292
12005,310,286,288
12006,310,280,279
12007,310,274,276
12008,310,272,276
12009,310,276,284
12010,310,288,292
12011,310,294,294
12012,310,292,292
12013,310,282,280
12014,310,276,270
12015,310,276,269
12016,310,280,280
12017,310,286,288
12018,310,292,297
12019,310,292,294
12020,311,286,285
12021,310,277,274
12022,310,276,272
12023,310,284,277
12024,310,290,287
12025,310,292,292
12026,310,285,292
12027,310,280,286
12028,310,280,278
12029,310,282,274
12030,310,284,276
12031,311,286,286
12032,310,287,292
12033,310,286,292
12034,310,282,287
12035,310,280,282
12036,310,280,279
12037,310,284,279
12038,310,286,280
12039,310,286,284
12040,310,287,282
12041,310,289,278
12042,310,289,273
12043,310,288,273
12044,310,285,278
12045,310,284,284
12046,310,286,288
12047,310,284,284
12048,310,279,278
12049,310,278,271
12050,310,281,270
12051,310,287,276
12052,310,292,288
12053,310,294,292
12054,310,288,289
12055,310,284,278
12056,310,276,270
12057,310,273,268
12058,310,277,278
12059,310,287,289
12060,310,292,298
12061,310,289,297
12062,310,286,286
12063,309,282,276
12064,310,280,271
12065,310,280,274
12066,310,279,280
12067,310,284,287
12068,310,292,288
12069,310,293,286
12070,310,289,283
12071,310,284,280
12072,310,278,278
12073,310,278,278
12074,310,278,280
12075,310,280,280
12076,310,286,280
12077,310,298,278
12078,309,302,276
12079,310,296,279
12080,311,282,282
12081,310,276,282
12082,310,278,279
12083,310,284,276
12084,310,286,276
12085,310,288,280
12086,310,292,280
12087,310,292,281
12088,310,292,284
12089,310,292,286
12090,310,288,284
12091,311,284,275
12092,310,279,270
12093,310,276,272
12094,310,279,284
12095,310,288,293
12096,310,292,296
12097,310,290,292
12098,310,284,280
12099,310,279,274
12100,310,278,276
12101,310,285,286
12102,310,292,294
12103,310,298,303
12104,310,294,298
12105,310,282,289
12106,310,268,276
12107,310,266,276
12108,310,281,282
12109,310,300,292
12110,310,310,296
12111,310,303,294
12112,310,292,287
12113,310,276,278
12114,310,276,268
12115,310,280,270
12116,310,290,280
12117,310,294,290
12118,310,294,295
12119,310,292,293
12120,310,288,286
12121,310,282,276
12122,310,279,272
12123,310,278,274
12124,310,282,282
12125,310,288,288
12126,310,298,290
12127,310,298,290
12128,310,292,288
12129,310,278,282
12130,310,272,282
12131,310,274,282
12132,310,282,286
12133,310,290,290
12134,310,295,294
12135,310,293,295
12136,310,284,294
12137,310,277,290
12138,310,276,286
12139,310,278,281
12140,311,284,282
12141,310,286,284
12142,310,284,290
12143,310,284,292
12144,310,286,292
12145,310,286,294
12146,310,284,293
12147,310,278,285
12148,310,276,278
12149,310,277,276
12150,310,284,282
12151,311,288,290
12152,310,294,300
12153,310,293,295
12154,310,286,286
12155,310,278,274
12156,310,274,271
12157,310,278,276
12158,310,290,290
12159,310,297,298
12160,310,292,300
12161,310,287,290
12162,310,280,276
12163,310,278,269
12164,310,278,271
12165,310,284,284
12166,310,289,294
12167,310,293,300
12168,310,286,300
12169,310,279,294
12170,310,272,282
12171,310,274,276
12172,310,276,276
12173,310,281,286
12174,310,284,295
12175,310,290,302
12176,310,292,300
12177,310,289,292
12178,310,274,280
12179,310,268,276
12180,310,266,278
12181,310,276,288
12182,310,285,295
12183,310,296,300
12184,310,298,296
12185,310,294,288
12186,310,284,277
12187,310,272,271
12188,309,266,272
12189,310,274,280
12190,310,286,290
12191,310,296,300
12192,310,300,300
12193,310,292,294
12194,310,282,284
12195,310,276,276
12196,310,273,268
12197,310,277,272
12198,310,290,280
12199,310,296,292
12200,311,295,294
12201,310,288,292
12202,310,281,286
12203,310,273,280
12204,310,271,276
12205,310,273,276
12206,310,285,282
12207,310,294,288
12208,310,296,292
12209,310,286,293
12210,310,278,286
12211,311,271,279
12212,310,272,276
12213,310,276,278
12214,310,280,286
12215,310,284,294
12216,310,288,296
12217,310,284,292
12218,310,278,286
12219,310,274,279
12220,310,274,278
12221,310,279,280
12222,310,284,286
12223,310,284,287
12224,310,281,289
12225,310,278,287
12226,310,276,284
12227,310,276,282
12228,310,279,282
12229,310,288,284
12230,310,290,282
12231,310,288,282
12232,310,280,280
12233,310,276,280
12234,310,278,279
12235,310,284,281
12236,310,286,284
12237,310,290,288
12238,310,292,287
12239,310,288,286
12240,310,282,282
12241,310,279,279
12242,310,279,279
12243,310,284,282
12244,310,285,284
12245,310,285,287
12246,310,288,288
12247,310,292,287
12248,310,288,284
12249,310,282,284
12250,310,276,284
12251,310,274,284
12252,310,282,285
12253,310,289,282
12254,310,292,281
12255,310,293,278
12256,310,292,276
12257,310,286,278
12258,310,279,282
12259,310,276,284
12260,311,277,286
12261,310,284,284
12262,310,286,280
12263,310,286,276
12264,310,286,276
12265,310,288,280
12266,310,288,284
12267,310,286,284
12268,310,281,282
12269,310,278,279
12270,310,279,278
12271,311,282,278
12272,310,284,281
12273,310,287,290
12274,310,290,292
12275,310,289,290
12276,310,286,282
12277,310,284,276
12278,310,280,274
12279,310,282,278
12280,310,284,282
12281,310,286,286
12282,310,286,288
12283,310,288,286
12284,310,287,282
12285,310,286,280
12286,310,285,278
12287,310,286,280
12288,310,288,282
12289,310,288,282
12290,310,286,279
12291,310,286,278
12292,310,288,278
12293,310,286,282
12294,310,284,284
12295,310,286,284
12296,310,292,278
12297,310,296,274
12298,310,296,274
12299,310,288,276
12300,310,282,280
12301,310,280,284
12302,310,282,288
12303,310,286,288
12304,310,292,280
12305,310,295,272
12306,310,294,270
12307,310,290,275
12308,310,284,280
12309,310,282,290
12310,310,284,290
12311,310,284,286
12312,310,280,278
12313,310,279,276
12314,310,282,278
12315,310,286,290
12316,310,287,300
12317,310,282,302
12318,310,278,294
12319,310,276,281
12320,311,277,271
12321,310,278,271
12322,310,284,284
12323,310,289,297
12324,310,292,304
12325,310,292,298
12326,310,287,285
12327,310,284,270
12328,310,285,268
12329,310,285,273
12330,310,288,288
12331,311,290,294
12332,310,294,293
12333,310,292,282
12334,310,286,276
12335,310,279,270
12336,310,279,274
12337,310,290,280
12338,310,298,289
12339,310,298,294
12340,310,290,293
12341,310,282,284
12342,310,274,279
12343,310,272,279
12344,310,276,282
12345,310,287,292
12346,310,300,294
12347,310,303,292
12348,310,298,286
12349,310,290,282
12350,310,276,282
12351,310,268,286
12352,310,269,289
12353,310,280,292
12354,310,289,294
12355,310,300,292
12356,310,296,284
12357,310,287,282
12358,310,278,288
12359,310,278,292
12360,310,280,290
12361,310,281,286
12362,310,279,284
12363,310,274,282
12364,310,278,284
12365,310,284,288
12366,310,288,294
12367,310,292,294
12368,310,288,288
12369,310,281,280
12370,310,276,277
12371,310,276,276
12372,310,280,285
12373,310,292,294
12374,310,294,298
12375,310,292,293
12376,310,284,280
12377,310,281,274
12378,310,280,274
12379,310,285,282
12380,311,290,292
12381,310,296,300
12382,310,294,296
12383,310,288,290
12384,310,276,278
12385,310,273,274
12386,310,276,276
12387,310,286,290
12388,310,294,300
12389,310,297,304
12390,310,292,294
12391,311,281,284
12392,310,271,274
12393,310,268,272
12394,310,276,279
12395,310,288,292
12396,310,296,300
12397,310,296,298
12398,310,292,288
12399,310,280,274
12400,310,272,269
12401,310,268,273
12402,310,271,288
12403,310,278,298
12404,310,293,300
12405,310,297,288
12406,310,292,278
12407,310,278,268
12408,310,270,270
12409,310,270,278
12410,310,279,292
12411,310,284,298
12412,310,288,298
12413,310,288,285
12414,310,284,276
12415,310,276,271
12416,310,274,276
12417,310,276,285
12418,310,282,295
12419,310,286,298
12420,310,288,290
12421,310,288,280
12422,310,284,273
12423,310,278,276
12424,310,276,282
12425,310,278,292
12426,310,282,294
12427,310,288,294
12428,310,290,288
12429,310,290,284
12430,310,284,278
12431,310,280,274
12432,310,276,276
12433,310,276,282
12434,310,279,288
12435,310,290,292
12436,310,294,293
12437,310,292,292
12438,310,280,282
12439,310,276,276
12440,311,274,271
12441,310,278,274
12442,310,281,280
12443,310,290,288
12444,310,295,290
12445,310,293,288
12446,310,284,284
12447,310,274,279
12448,310,268,276
12449,310,274,276
12450,310,281,280
12451,311,290,290
12452,310,294,293
12453,310,294,292
12454,310,286,282
12455,310,276,276
12456,310,270,271
12457,310,270,276
12458,310,282,284
12459,310,292,292
12460,310,293,296
12461,310,290,294
12462,310,286,284
12463,310,279,276
12464,310,276,273
12465,310,277,276
12466,310,284,286
12467,310,292,292
12468,310,294,292
12469,310,290,288
12470,310,286,282
12471,310,280,278
12472,310,279,276
12473,310,280,276
12474,310,286,280
12475,310,290,284
12476,310,295,286
12477,310,292,284
12478,310,286,280
12479,310,280,276
12480,310,279,274
12481,310,280,276
12482,310,284,280
12483,310,289,284
12484,310,294,288
12485,310,294,288
12486,310,290,284
12487,310,281,276
12488,310,277,274
12489,310,279,274
12490,310,284,279
12491,310,288,284
12492,310,292,292
12493,310,292,292
12494,310,290,286
12495,310,284,279
12496,310,278,276
12497,310,277,274
12498,310,282,279
12499,310,288,285
12500,311,292,292
12501,310,292,292
12502,310,286,286
12503,310,282,280
12504,310,280,276
12505,310,281,274
12506,310,284,280
12507,310,288,286
12508,310,288,290
12509,310,284,288
12510,310,282,284
12511,311,284,278
12512,310,288,274
12513,310,293,274
12514,310,292,276
12515,310,288,284
12516,310,286,288
12517,310,285,286
12518,310,287,282
12519,310,292,278
12520,310,295,276
12521,310,298,277
12522,310,296,278
12523,310,290,280
12524,310,284,284
12525,310,279,284
12526,310,276,284
12527,310,274,286
12528,310,279,286
12529,310,286,288
12530,310,294,289
12531,310,295,287
12532,310,292,282
12533,310,284,280
12534,310,278,282
12535,310,274,286
12536,310,273,294
12537,310,276,296
12538,310,284,292
12539,310,292,284
12540,310,296,278
12541,310,294,274
12542,310,289,280
12543,310,284,286
12544,310,279,290
12545,310,278,292
12546,310,282,286
12547,310,287,281
12548,310,292,278
12549,310,294,278
12550,310,293,280
12551,310,287,285
12552,310,284,287
12553,310,278,286
12554,310,276,284
12555,310,278,282
12556,310,288,280
12557,310,294,282
12558,310,294,286
12559,310,286,288
12560,311,281,289
12561,310,281,288
12562,310,285,286
12563,310,287,285
12564,310,288,284
12565,310,288,285
12566,310,286,286
12567,310,284,288
12568,310,282,288
12569,310,284,289
12570,310,286,289
12571,311,286,288
12572,310,282,286
12573,310,282,289
12574,310,284,290
12575,310,286,290
12576,310,286,288
12577,310,284,285
12578,310,279,284
12579,310,276,284
12580,310,277,287
12581,310,279,290
12582,310,290,293
12583,310,296,290
12584,310,293,285
12585,310,279,282
12586,310,270,280
12587,310,269,280
12588,310,281,284
12589,310,292,286
12590,310,295,289
12591,310,294,290
12592,310,286,288
12593,310,280,283
12594,310,276,282
12595,310,278,282
12596,310,281,286
12597,310,287,290
12598,310,292,290
12599,310,290,288
12600,310,289,284
12601,310,286,282
12602,310,281,282
12603,310,277,284
12604,310,278,288
12605,310,286,292
12606,310,293,292
12607,310,294,290
12608,310,284,282
12609,310,279,278
12610,310,276,278
12611,310,278,284
12612,310,282,289
12613,310,288,294
12614,310,289,292
12615,310,284,286
12616,310,278,278
12617,310,273,276
12618,310,276,282
12619,310,284,288
12620,311,290,292
12621,310,288,292
12622,310,284,288
12623,310,276,284
12624,310,272,280
12625,310,274,280
12626,310,281,284
12627,310,286,288
12628,310,290,290
12629,310,286,286
12630,310,279,284
12631,311,274,281
12632,310,274,282
12633,310,278,284
12634,310,284,286
12635,310,286,286
12636,310,286,287
12637,310,287,284
12638,310,284,282
12639,310,279,280
12640,310,277,282
12641,310,279,284
12642,310,284,286
12643,310,286,286
12644,310,289,284
12645,310,288,284
12646,310,286,284
12647,310,281,282
12648,310,276,282
12649,310,278,282
12650,310,284,284
12651,310,290,284
12652,310,290,285
12653,310,287,284
12654,310,280,284
12655,310,280,283
12656,310,280,282
12657,310,281,282
12658,310,282,284
12659,310,284,284
12660,310,286,282
12661,310,284,282
12662,310,282,280
12663,310,280,282
12664,310,281,284
12665,310,282,284
12666,310,282,286
12667,310,280,284
12668,310,282,282
12669,310,282,280
12670,310,282,280
12671,310,282,280
12672,310,284,284
12673,310,284,288
12674,310,284,289
12675,310,280,288
12676,310,280,285
12677,310,282,279
12678,310,285,274
12679,310,287,272
12680,311,287,278
12681,310,285,286
12682,310,285,292
12683,310,284,292
12684,310,284,288
12685,310,282,276
12686,310,287,266
12687,310,294,264
12688,310,297,270
12689,310,297,280
12690,310,290,292
12691,311,279,293
12692,310,273,289
12693,310,270,278
12694,310,276,272
12695,310,293,271
12696,310,301,279
12697,310,301,286
12698,310,292,290
12699,310,283,286
12700,310,276,280
12701,310,276,274
12702,310,278,272
12703,310,285,278
12704,310,292,288
12705,310,293,293
12706,310,290,292
12707,310,286,286
12708,310,279,278
12709,310,276,272
12710,310,276,272
12711,310,282,278
12712,310,288,288
12713,310,297,292
12714,310,294,290
12715,310,286,285
12716,310,276,279
12717,310,271,276
12718,310,274,276
12719,310,286,277
12720,310,293,276
12721,310,298,282
12722,310,296,286
12723,310,290,286
12724,310,279,284
12725,310,276,280
12726,310,274,277
12727,310,282,276
12728,310,292,276
12729,310,300,280
12730,310,301,288
12731,310,294,292
12732,310,285,290
12733,310,278,282
12734,310,274,272
12735,310,276,270
12736,310,284,276
12737,310,295,288
12738,310,301,294
12739,310,300,298
12740,311,290,292
12741,310,278,284
12742,310,268,274
12743,310,270,274
12744,310,284,280
12745,310,296,294
12746,310,303,301
12747,310,300,296
12748,310,292,286
12749,310,280,276
12750,310,273,272
12751,311,274,276
12752,310,284,286
12753,310,292,295
12754,310,293,300
12755,310,288,294
12756,310,284,284
12757,310,282,272
12758,309,284,271
12759,310,286,276
12760,310,286,287
12761,310,288,290
12762,310,290,288
12763,310,290,284
12764,310,286,280
12765,310,284,276
12766,310,282,277
12767,310,286,282
12768,310,287,290
12769,310,287,294
12770,310,288,292
12771,310,288,284
12772,310,284,279
12773,310,278,278
12774,310,274,282
12775,310,276,289
12776,310,284,296
12777,310,293,298
12778,310,297,294
12779,310,295,288
12780,310,284,282
12781,310,274,278
12782,310,269,280
12783,310,278,285
12784,310,286,292
12785,310,296,296
12786,310,293,294
12787,310,285,288
12788,310,278,280
12789,310,278,278
12790,310,279,281
12791,310,284,289
12792,310,284,294
12793,310,286,294
12794,310,286,290
12795,310,284,284
12796,310,278,277
12797,310,278,276
12798,310,286,278
12799,310,292,288
12800,311,290,294
12801,310,286,294
12802,310,282,286
12803,310,281,280
12804,310,280,278
12805,310,279,279
12806,310,281,286
12807,310,286,292
12808,310,290,294
12809,310,290,292
12810,310,287,286
12811,311,281,278
12812,310,278,277
12813,310,278,280
12814,310,281,288
12815,310,286,294
12816,310,290,294
12817,310,286,289
12818,310,280,286
12819,310,278,285
12820,310,281,287
12821,310,286,289
12822,310,284,290
12823,310,278,289
12824,310,274,290
12825,310,276,286
12826,310,282,286
12827,310,290,286
12828,310,294,288
12829,310,294,286
12830,310,286,282
12831,310,276,280
12832,310,271,282
12833,310,274,288
12834,310,290,290
12835,310,296,290
12836,310,292,288
12837,310,281,280
12838,310,277,276
12839,310,278,276
12840,310,284,284
12841,310,287,288
12842,310,287,293
12843,310,286,286
12844,310,281,280
12845,310,274,276
12846,310,272,279
12847,310,278,284
12848,310,288,290
12849,310,292,292
12850,310,288,290
12851,310,282,287
12852,310,276,282
12853,310,273,276
12854,310,274,278
12855,310,281,285
12856,310,286,292
12857,310,288,294
12858,310,287,290
12859,310,284,285
12860,310,277,280
12861,310,276,277
12862,310,276,278
12863,310,278,286
12864,310,282,292
12865,310,290,293
12866,310,290,288
12867,310,285,282
12868,310,276,276
12869,310,273,276
12870,310,280,280
12871,310,287,284
12872,310,289,288
12873,310,287,289
12874,310,284,286
12875,310,281,282
12876,310,279,277
12877,310,280,276
12878,310,284,281
12879,310,289,286
12880,310,290,288
12881,310,287,286
12882,310,284,284
12883,311,280,284
12884,310,280,284
12885,310,281,284
12886,310,284,282
12887,310,284,284
12888,310,288,284
12889,310,288,288
12890,310,285,288
12891,310,282,289
12892,310,281,286
12893,310,280,283
12894,310,280,280
12895,310,282,280
12896,310,286,280
12897,310,293,280
12898,310,295,278
12899,310,289,276
12900,310,286,278
12901,310,284,281
12902,310,284,282
12903,310,284,282
12904,310,286,278
12905,310,285,274
12906,310,286,274
12907,310,288,278
12908,310,288,281
12909,310,292,286
12910,310,292,284
12911,310,284,279
12912,310,276,272
12913,309,272,272
12914,310,280,278
12915,310,292,288
12916,310,298,294
12917,310,292,294
12918,310,284,288
12919,310,276,278
12920,310,274,271
12921,310,276,272
12922,310,284,281
12923,310,290,289
12924,310,293,292
12925,310,292,287
12926,310,288,282
12927,310,284,278
12928,310,284,276
12929,310,284,276
12930,310,284,280
12931,310,284,282
12932,310,286,284
12933,310,289,284
12934,310,292,282
12935,310,288,278
12936,310,286,278
12937,310,285,277
12938,310,285,277
12939,310,285,277
12940,310,287,280
12941,310,290,284
12942,310,290,282
12943,311,288,280
12944,310,284,278
12945,310,284,278
12946,310,288,279
12947,310,290,278
12948,310,289,280
12949,310,286,284
12950,310,284,284
12951,310,282,286
12952,310,282,287
12953,310,282,285
12954,310,282,282
12955,310,286,279
12956,310,284,277
12957,310,281,279
12958,310,279,288
12959,310,284,296
12960,310,289,302
12961,310,292,298
12962,310,290,290
12963,310,284,278
12964,310,286,274
12965,310,287,274
12966,310,290,286
12967,310,292,295
12968,310,292,300
12969,310,287,292
12970,310,282,282
12971,310,280,272
12972,310,281,276
12973,310,292,282
12974,310,296,290
12975,310,294,292
12976,310,288,288
12977,310,285,280
12978,310,286,276
12979,310,288,272
12980,310,290,275
12981,310,288,282
12982,310,288,288
12983,310,286,290
12984,310,281,290
12985,310,281,288
12986,310,285,286
12987,310,286,282
12988,310,284,282
12989,310,278,285
12990,310,278,288
12991,310,286,292
12992,310,288,292
12993,310,286,292
12994,310,280,292
12995,310,279,290
12996,310,281,287
12997,310,284,286
12998,310,285,288
12999,310,284,289
13000,310,284,289
13001,310,284,288
13002,310,282,289
13003,311,284,290
13004,310,286,288
13005,310,286,284
13006,310,282,282
13007,310,278,284
13008,310,277,288
13009,310,281,289
13010,310,284,288
13011,310,285,285
13012,310,288,284
13013,310,289,281
13014,310,284,280
13015,310,276,286
13016,310,271,292
13017,310,274,292
13018,310,284,288
13019,310,292,282
13020,310,290,280
13021,310,286,284
13022,310,284,286
13023,310,284,287
13024,310,280,288
13025,310,277,286
13026,310,278,286
13027,310,282,288
13028,309,287,290
13029,310,288,290
13030,310,286,294
13031,310,282,290
13032,310,274,285
13033,310,269,279
13034,310,272,281
13035,310,284,287
13036,310,293,295
13037,310,294,298
13038,310,282,294
13039,310,273,289
13040,310,266,282
13041,310,271,279
13042,310,277,282
13043,310,288,292
13044,310,294,296
13045,310,295,292
13046,310,288,282
13047,310,282,276
13048,310,274,276
13049,310,278,282
13050,310,284,286
13051,310,290,292
13052,310,294,292
13053,310,295,292
13054,310,290,284
13055,310,284,278
13056,310,278,270
13057,310,276,274
13058,309,282,280
13059,310,288,288
13060,310,290,292
13061,310,290,293
13062,310,286,288
13063,310,279,281
13064,310,272,274
13065,310,270,276
13066,310,276,284
13067,310,286,294
13068,310,292,298
13069,310,288,294
13070,310,282,284
13071,310,272,276
13072,310,268,274
13073,310,270,278
13074,310,282,287
13075,310,286,296
13076,310,292,300
13077,310,285,292
13078,310,276,286
13079,310,268,276
13080,309,269,274
13081,310,274,277
13082,310,282,287
13083,308,288,292
13084,310,290,292
13085,310,289,286
13086,310,284,280
13087,310,274,274
13088,309,271,274
13089,310,274,278
13090,310,282,284
13091,310,289,288
13092,310,296,290
13093,309,295,286
13094,310,289,282
13095,310,279,276
13096,310,273,276
13097,310,276,279
13098,310,285,282
13099,310,292,286
13100,310,294,288
13101,310,292,288
13102,310,287,286
13103,310,284,284
13104,310,280,282
13105,310,276,280
13106,310,278,282
13107,310,286,286
13108,310,289,290
13109,310,288,292
13110,310,286,286
13111,310,286,278
13112,310,288,270
13113,310,285,270
13114,310,280,272
13115,310,278,286
13116,310,282,292
13117,310,286,292
13118,309,288,284
13119,310,286,276
13120,310,280,270
13121,309,278,270
13122,310,280,275
13123,310,288,284
13124,310,294,292
13125,310,294,292
13126,310,284,282
13127,310,272,276
13128,310,269,270
13129,310,276,274
13130,310,290,284
13131,310,298,296
13132,310,295,297
13133,310,288,288
13134,310,284,272
13135,310,280,266
13136,310,280,270
13137,310,282,282
13138,310,288,295
13139,310,292,297
13140,310,292,292
13141,310,286,278
13142,310,284,272
13143,308,284,270
13144,310,286,276
13145,310,286,282
13146,310,290,290
13147,310,293,288
13148,309,292,282
13149,310,282,276
13150,310,276,274
13151,310,280,278
13152,310,292,282
13153,310,298,285
13154,310,295,286
13155,310,292,282
13156,310,286,274
13157,310,282,271
13158,310,279,274
13159,310,279,282
13160,310,282,288
13161,310,296,290
13162,310,300,284
13163,309,297,278
13164,310,284,272
13165,310,277,274
13166,310,274,278
13167,310,280,284
13168,310,286,286
13169,310,292,288
13170,310,295,284
13171,310,292,282
13172,310,280,282
13173,310,272,286
13174,310,268,292
13175,310,274,292
13176,310,285,292
13177,310,300,284
13178,308,301,279
13179,310,296,280
13180,310,282,288
13181,310,272,292
13182,310,271,294
13183,311,280,286
13184,310,290,280
13185,310,295,276
13186,310,294,276
13187,310,292,286
13188,310,292,294
13189,310,292,292
13190,310,288,281
13191,310,286,274
13192,310,281,270
13193,310,280,276
13194,310,284,284
13195,310,294,292
13196,310,300,292
13197,310,300,289
13198,309,285,282
13199,310,270,278
13200,310,263,278
13201,310,274,282
13202,310,292,286
13203,309,306,288
13204,310,305,289
13205,310,286,290
13206,310,272,290
13207,310,264,288
13208,309,268,288
13209,310,276,290
13210,310,292,289
13211,310,298,287
13212,310,296,286
13213,310,292,286
13214,310,286,288
13215,310,279,290
13216,310,272,292
13217,310,268,290
13218,310,272,286
13219,310,286,284
13220,310,300,284
13221,310,304,288
13222,310,301,292
13223,310,284,292
13224,310,270,284
13225,310,263,280
13226,310,268,277
13227,310,278,282
13228,310,298,285
13229,310,306,290
13230,310,302,292
13231,310,290,290
13232,310,282,285
13233,310,276,282
13234,310,276,281
13235,310,276,280
13236,310,281,284
13237,310,290,288
13238,309,295,290
13239,310,296,290
13240,310,295,287
13241,310,284,285
13242,310,274,284
13243,311,269,284
13244,310,270,286
13245,310,278,292
13246,310,293,295
13247,310,298,292
13248,309,294,288
13249,310,282,282
13250,310,274,280
13251,310,271,281
13252,310,278,284
13253,310,284,286
13254,310,292,292
13255,310,290,290
13256,310,284,287
13257,310,274,284
13258,310,272,284
13259,310,278,282
13260,310,284,284
13261,310,288,285
13262,310,286,284
13263,309,284,284
13264,310,284,285
13265,310,280,284
13266,310,278,284
13267,310,278,282
13268,310,280,282
13269,310,284,284
13270,310,288,286
13271,310,289,285
13272,310,286,285
13273,310,284,284
13274,310,277,280
13275,310,274,280
13276,310,276,284
13277,310,285,288
13278,310,290,290
13279,310,290,289
13280,310,284,284
13281,310,278,281
13282,310,276,280
13283,310,279,284
13284,310,282,288
13285,310,288,290
13286,310,290,286
13287,310,284,282
13288,310,277,280
13289,310,274,280
13290,310,278,282
13291,310,286,286
13292,310,290,289
13293,310,288,290
13294,310,284,286
13295,310,278,280
13296,310,276,276
13297,310,277,276
13298,310,284,281
13299,310,288,286
13300,310,292,288
13301,310,288,288
13302,310,282,284
13303,310,277,282
13304,310,278,278
13305,310,278,278
13306,310,280,282
13307,310,284,284
13308,309,288,288
13309,310,294,288
13310,310,292,286
13311,310,280,282
13312,310,274,278
13313,309,271,276
13314,310,277,279
13315,310,284,284
13316,310,293,292
13317,310,294,292
13318,310,290,290
13319,310,282,284
13320,310,274,280
13321,310,276,278
13322,310,282,279
13323,310,288,281
13324,310,288,284
13325,310,290,286
13326,310,287,287
13327,310,287,286
13328,309,286,284
13329,310,282,281
13330,310,279,280
13331,310,282,280
13332,310,286,279
13333,310,287,280
13334,310,290,282
13335,310,292,282
13336,310,292,280
13337,310,286,280
13338,310,282,278
13339,310,278,280
13340,310,282,280
13341,310,286,281
13342,310,290,282
13343,309,292,284
13344,310,289,284
13345,310,286,282
13346,310,284,280
13347,310,282,277
13348,310,284,280
13349,310,289,282
13350,310,288,284
13351,310,284,286
13352,310,282,286
13353,310,284,284
13354,310,290,282
13355,310,292,282
13356,310,287,282
13357,310,280,284
13358,308,281,284
13359,310,284,282
13360,310,286,280
13361,310,288,281
13362,310,288,283
13363,310,285,286
13364,310,284,286
13365,310,281,284
13366,310,280,282
13367,310,284,280
13368,309,284,278
13369,310,284,278
13370,310,289,280
13371,310,292,284
13372,310,293,285
13373,310,288,286
13374,310,284,281
13375,310,280,276
13376,310,284,276
13377,310,288,278
13378,310,294,282
13379,310,296,284
13380,310,297,284
13381,310,293,280
13382,310,287,278
13383,309,279,276
13384,310,276,280
13385,310,277,288
13386,310,280,294
13387,310,282,295
13388,309,286,292
13389,310,289,285
13390,310,288,280
13391,310,285,280
13392,310,284,284
13393,310,280,288
13394,310,280,292
13395,310,278,292
13396,310,278,286
13397,310,282,284
13398,310,292,282
13399,310,294,285
13400,310,292,288
13401,310,284,289
13402,310,280,287
13403,310,282,284
13404,310,285,278
13405,310,287,276
13406,310,293,276
13407,310,296,279
13408,310,294,282
13409,310,285,286
13410,310,278,286
13411,310,271,286
13412,310,276,282
13413,310,284,282
13414,310,292,282
13415,310,294,283
13416,310,294,282
13417,310,290,284
13418,310,285,286
13419,310,280,288
13420,310,276,287
13421,310,276,287
13422,310,279,288
13423,310,282,288
13424,310,288,290
13425,310,292,292
13426,310,290,290
13427,310,285,289
13428,309,282,286
13429,310,278,284
13430,310,278,284
13431,310,279,286
13432,310,280,290
13433,310,284,293
13434,310,290,292
13435,310,288,289
13436,310,282,288
13437,310,276,284
13438,310,276,280
13439,310,284,281
13440,310,292,286
13441,310,292,288
13442,310,288,292
13443,310,282,286
13444,310,274,282
13445,310,271,279
13446,310,276,282
13447,310,290,288
13448,309,302,292
13449,310,304,292
13450,310,292,284
13451,310,280,277
13452,310,270,272
13453,310,271,276
13454,310,279,284
13455,310,294,298
13456,310,300,302
13457,310,300,298
13458,310,290,284
13459,310,278,273
13460,310,270,270
13461,310,276,278
13462,310,285,288
13463,310,294,300
13464,310,296,301
13465,310,289,294
13466,310,278,280
13467,310,271,272
13468,310,271,271
13469,310,276,284
13470,310,290,296
13471,310,294,302
13472,310,290,300
13473,309,278,284
13474,310,270,271
13475,310,268,268
13476,310,274,278
13477,310,281,288
13478,310,292,300
13479,310,294,298
13480,310,288,292
13481,310,273,278
13482,310,268,272
13483,310,270,273
13484,310,280,282
13485,310,290,290
13486,310,293,296
13487,310,290,294
13488,310,284,286
13489,310,276,276
13490,310,272,272
13491,310,274,278
13492,310,282,288
13493,310,292,294
13494,310,294,294
13495,310,292,288
13496,310,281,280
13497,310,277,276
13498,310,276,274
13499,310,279,282
13500,310,285,290
13501,310,293,294
13502,310,292,292
13503,310,286,288
13504,310,279,279
13505,310,276,276
13506,310,279,276
13507,310,284,279
13508,310,286,284
13509,310,290,292
13510,310,290,292
13511,310,287,288
13512,310,279,280
13513,309,274,276
13514,310,274,276
13515,310,281,282
13516,310,288,285
13517,310,290,290
13518,310,289,289
13519,310,285,286
13520,310,280,280
13521,310,276,276
13522,310,274,276
13523,310,276,282
13524,310,284,286
13525,310,290,290
13526,310,289,288
13527,310,284,284
13528,310,281,280
13529,310,278,278
13530,310,276,280
13531,310,278,282
13532,310,284,287
13533,310,289,289
13534,310,290,286
13535,310,285,281
13536,310,284,278
13537,310,282,278
13538,310,282,282
13539,310,284,286
13540,310,289,285
13541,310,292,280
13542,310,292,276
13543,310,289,271
13544,310,285,272
13545,310,285,280
13546,310,288,286
13547,310,290,288
13548,310,287,284
13549,310,285,278
13550,310,284,276
13551,310,284,276
13552,310,286,279
13553,309,288,284
13554,310,290,286
13555,310,292,284
13556,310,286,277
13557,310,281,276
13558,310,278,278
13559,310,278,284
13560,310,284,288
13561,310,289,292
13562,310,288,288
13563,310,286,282
13564,310,285,276
13565,310,284,274
13566,310,281,278
13567,310,282,284
13568,309,284,286
13569,310,286,286
13570,310,285,284
13571,310,282,280
13572,310,282,281
13573,309,288,280
13574,310,290,282
13575,310,287,284
13576,310,284,282
13577,310,284,277
13578,309,284,274
13579,310,286,276
13580,310,286,278
13581,310,288,286
13582,310,292,288
13583,310,288,287
13584,310,284,282
13585,310,281,278
13586,310,284,274
13587,310,288,278
13588,310,292,284
13589,310,295,288
13590,310,294,287
13591,310,290,282
13592,310,281,276
13593,310,274,276
13594,310,274,281
13595,310,284,288
13596,310,296,292
13597,310,301,290
13598,310,300,286
13599,310,286,280
13600,310,279,279
13601,310,276,280
13602,310,278,286
13603,311,284,290
13604,310,294,292
13605,310,294,287
13606,310,290,284
13607,310,284,284
13608,310,280,285
13609,310,284,288
13610,310,284,290
13611,310,280,290
13612,310,279,286
13613,310,284,280
13614,310,290,278
13615,310,294,282
13616,310,294,284
13617,310,287,284
13618,310,284,284
13619,310,280,282
13620,310,277,282
13621,310,280,284
13622,310,292,286
13623,310,295,286
13624,310,294,284
13625,310,286,280
13626,310,280,280
13627,310,280,282
13628,310,284,284
13629,310,290,287
13630,310,296,290
13631,310,296,288
13632,310,288,284
13633,310,278,284
13634,310,274,285
13635,310,276,290
13636,310,284,292
13637,310,286,292
13638,310,282,289
13639,310,280,284
13640,310,282,282
13641,310,285,286
13642,310,284,292
13643,310,282,298
13644,310,279,295
13645,310,280,289
13646,310,282,277
13647,310,280,272
13648,310,278,280
13649,310,279,292
13650,310,280,300
13651,310,284,300
13652,310,285,294
13653,310,286,284
13654,310,284,274
13655,310,280,271
13656,310,276,278
13657,310,276,290
13658,310,282,294
13659,310,288,292
13660,310,290,288
13661,310,285,282
13662,310,282,279
13663,311,278,280
13664,310,280,286
13665,310,282,290
13666,310,290,294
13667,310,294,290
13668,310,293,284
13669,310,285,278
13670,310,280,278
13671,310,278,284
13672,310,281,292
13673,310,282,294
13674,310,280,292
13675,310,280,292
13676,310,284,290
13677,310,287,290
13678,310,288,288
13679,310,288,288
13680,310,286,288
13681,310,281,286
13682,310,278,282
13683,310,278,282
13684,310,282,286
13685,310,288,290
13686,310,290,292
13687,310,284,290
13688,310,279,286
13689,310,276,282
13690,310,279,281
13691,310,284,282
13692,310,286,284
13693,310,287,286
13694,310,288,285
13695,310,284,284
13696,310,277,282
13697,310,274,281
13698,310,277,282
13699,310,284,284
13700,310,288,286
13701,310,288,286
13702,310,284,286
13703,310,280,284
13704,310,278,280
13705,310,278,280
13706,310,279,284
13707,310,284,290
13708,310,284,292
13709,310,284,292
13710,310,284,284
13711,310,282,280
13712,310,282,277
13713,310,279,280
13714,310,278,286
13715,310,280,293
13716,310,284,292
13717,310,287,289
13718,310,284,284
13719,310,280,280
13720,310,276,279
13721,310,279,280
13722,310,282,282
13723,311,282,286
13724,310,284,288
13725,310,286,286
13726,310,285,282
13727,310,282,280
13728,310,278,278
13729,310,278,280
13730,310,282,284
13731,310,284,286
13732,310,284,288
13733,310,284,286
13734,310,286,282
13735,310,287,279
13736,310,285,280
13737,310,282,282
13738,310,278,284
13739,310,282,284
13740,310,284,282
13741,310,284,284
13742,310,285,287
13743,310,286,288
13744,310,284,285
13745,310,281,284
13746,310,279,284
13747,310,278,284
13748,310,284,284
13749,310,288,285
13750,310,286,286
13751,310,284,286
13752,310,285,284
13753,310,284,282
13754,310,284,278
13755,310,284,274
13756,310,287,272
13757,310,292,276
13758,310,294,280
13759,310,289,285
13760,310,286,287
13761,310,282,282
13762,310,282,274
13763,310,281,270
13764,310,284,271
13765,310,288,278
13766,310,294,285
13767,310,296,290
13768,310,292,286
13769,310,281,279
13770,310,276,272
13771,310,272,271
13772,310,276,278
13773,310,284,286
13774,310,293,292
13775,310,295,292
13776,310,292,286
13777,310,282,277
13778,310,278,276
13779,310,278,277
13780,310,282,282
13781,310,284,285
13782,310,286,287
13783,311,287,284
13784,310,288,282
13785,310,286,282
13786,310,282,282
13787,310,279,284
13788,310,284,281
13789,310,288,277
13790,310,292,274
13791,310,294,274
13792,310,292,276
13793,310,287,280
13794,310,282,282
13795,310,278,280
13796,310,278,280
13797,310,286,280
13798,310,292,280
13799,310,294,278
13800,310,294,278
13801,310,292,278
13802,310,288,280
13803,310,284,284
13804,310,282,282
13805,310,281,280
13806,310,284,280
13807,310,285,280
13808,310,286,284
13809,310,288,286
13810,310,289,288
13811,310,288,286
13812,310,284,284
13813,310,276,278
13814,310,272,279
13815,310,276,284
13816,310,286,294
13817,310,293,298
13818,310,300,298
13819,310,300,290
13820,310,288,282
13821,310,276,279
13822,310,270,280
13823,310,276,286
13824,310,290,290
13825,310,300,290
13826,310,298,287
13827,310,292,282
13828,310,282,277
13829,310,281,278
13830,310,284,282
13831,310,290,288
13832,310,288,292
13833,310,288,288
13834,310,286,280
13835,310,286,274
13836,310,288,274
13837,310,292,280
13838,310,292,285
13839,310,290,286
13840,310,286,284
13841,310,279,286
13842,310,282,286
13843,311,285,286
13844,310,290,284
13845,310,292,284
13846,310,288,285
13847,310,284,287
13848,310,284,288
13849,310,284,288
13850,310,284,290
13851,310,284,293
13852,310,280,294
13853,310,278,292
13854,310,280,287
13855,310,284,286
13856,310,285,288
13857,310,282,288
13858,310,281,288
13859,310,282,288
13860,310,288,290
13861,310,290,290
13862,310,284,286
13863,310,278,284
13864,310,270,284
13865,310,272,286
13866,310,278,290
13867,310,292,292
13868,310,296,290
13869,310,298,288
13870,310,292,282
13871,310,282,278
13872,310,273,278
13873,310,273,282
13874,310,278,286
13875,310,287,292
13876,310,293,292
13877,310,295,290
13878,310,292,286
13879,310,286,282
13880,310,281,277
13881,310,281,280
13882,310,284,284
13883,310,282,290
13884,310,279,292
13885,310,279,290
13886,310,280,290
13887,310,286,290
13888,310,289,288
13889,310,286,284
13890,310,278,286
13891,310,274,289
13892,310,274,290
13893,310,278,290
13894,310,284,292
13895,310,289,292
13896,310,290,292
13897,310,286,288
13898,310,276,280
13899,310,273,282
13900,310,276,284
13901,310,282,286
13902,310,285,288
13903,311,290,292
13904,310,292,290
13905,310,293,286
13906,310,289,279
13907,310,282,276
13908,310,274,278
13909,310,274,284
13910,310,278,290
13911,310,287,294
13912,310,292,292
13913,310,296,282
13914,310,292,274
13915,310,284,272
13916,310,274,278
13917,310,273,288
13918,310,281,292
13919,310,286,289
13920,310,284,284
13921,310,280,278
13922,310,280,279
13923,310,282,284
13924,310,286,293
13925,310,286,296
13926,310,280,295
13927,310,276,282
13928,310,271,272
13929,310,272,270
13930,310,277,280
13931,310,290,294
13932,310,296,300
13933,310,292,298
13934,310,277,284
13935,310,266,274
13936,310,262,271
13937,310,272,276
13938,310,282,284
13939,310,294,297
13940,310,296,296
13941,310,289,288
13942,310,278,274
13943,310,270,268
13944,310,268,272
13945,310,277,284
13946,310,285,290
13947,310,292,292
13948,310,293,289
13949,310,290,282
13950,310,284,276
13951,310,279,274
13952,310,277,276
13953,310,276,284
13954,310,284,288
13955,310,292,289
13956,310,294,288
13957,310,293,284
13958,310,288,280
13959,310,279,280
13960,310,274,282
13961,310,276,284
13962,310,284,288
13963,311,293,288
13964,310,295,286
13965,310,288,284
13966,310,280,284
13967,310,276,282
13968,310,276,280
13969,310,282,280
13970,310,292,279
13971,310,292,278
13972,310,292,280
13973,310,284,281
13974,310,277,282
13975,310,276,284
13976,310,279,281
13977,310,284,278
13978,310,285,278
13979,310,286,280
13980,310,286,282
13981,310,286,284
13982,310,286,282
13983,310,280,278
13984,310,278,276
13985,310,280,276
13986,310,285,280
13987,310,288,284
13988,310,288,290
13989,310,286,290
13990,310,284,285
13991,310,282,276
13992,310,279,273
13993,310,284,277
13994,310,289,284
13995,310,294,288
13996,310,292,288
13997,310,286,284
13998,310,277,280
13999,310,276,277
14000,310,281,277
14001,310,292,280
14002,310,296,286
14003,310,300,286
14004,310,292,282
14005,310,284,279
14006,310,278,276
14007,310,278,276
14008,310,286,278
14009,310,294,282
14010,310,296,282
14011,310,294,284
14012,310,292,284
14013,310,285,282
14014,310,279,280
14015,310,278,278
14016,310,281,277
14017,310,287,280
14018,310,292,280
14019,310,296,278
14020,310,298,280
14021,310,296,284
14022,310,285,284
14023,311,276,281
14024,310,274,278
14025,310,278,278
14026,310,286,280
14027,310,294,288
14028,310,294,292
14029,310,286,296
14030,310,280,292
14031,310,274,288
14032,310,273,278
14033,310,278,276
14034,310,286,280
14035,310,290,292
14036,310,290,298
14037,310,286,298
14038,310,284,290
14039,310,282,280
14040,310,281,273
14041,310,282,273
14042,310,286,280
14043,310,292,292
14044,310,295,298
14045,310,292,294
14046,310,289,284
14047,310,282,271
14048,310,281,270
14049,310,282,274
14050,310,286,286
14051,310,292,294
14052,310,296,295
14053,310,292,286
14054,310,284,280
14055,310,278,274
14056,310,276,278
14057,310,284,285
14058,310,292,294
14059,310,296,296
14060,310,296,290
14061,310,292,280
14062,310,284,276
14063,310,276,282
14064,310,276,286
14065,310,280,293
14066,310,289,296
14067,310,292,296
14068,310,284,292
14069,310,281,285
14070,310,284,282
14071,310,288,284
14072,310,289,287
14073,310,286,292
14074,310,282,292
14075,310,279,290
14076,310,277,286
14077,310,276,286
14078,310,279,288
14079,310,284,288
14080,310,288,287
14081,310,290,288
14082,310,292,288
14083,312,288,286
14084,310,284,284
14085,310,278,282
14086,310,268,284
14087,310,268,286
14088,310,277,286
14089,310,289,288
14090,310,297,290
14091,310,301,290
14092,310,298,286
14093,310,288,284
14094,310,276,280
14095,310,268,278
14096,310,272,282
14097,310,284,286
14098,310,295,288
14099,310,298,290
14100,310,294,290
14101,310,285,292
14102,310,280,288
14103,310,279,285
14104,310,279,282
14105,310,280,286
14106,310,286,288
14107,310,288,286
14108,310,288,285
14109,310,286,286
14110,310,284,286
14111,310,284,284
14112,310,284,284
14113,310,280,284
14114,310,278,286
14115,310,280,286
14116,310,282,286
14117,310,281,286
14118,310,281,285
14119,310,280,285
14120,310,282,286
14121,310,284,284
14122,310,282,281
14123,310,282,282
14124,310,282,284
14125,310,281,286
14126,310,279,286
14127,310,280,286
14128,310,282,284
14129,310,284,284
14130,310,284,282
14131,310,282,282
14132,310,280,284
14133,310,282,284
14134,310,284,284
14135,310,285,286
14136,310,284,287
14137,310,280,285
14138,310,278,284
14139,310,278,284
14140,310,284,282
14141,310,286,284
14142,310,292,286
14143,312,288,287
14144,310,281,286
14145,310,276,282
14146,310,278,282
14147,310,284,284
14148,310,288,286
14149,310,289,286
14150,310,286,286
14151,310,284,285
14152,310,280,282
14153,310,277,280
14154,310,278,280
14155,310,284,281
14156,310,289,284
14157,310,290,286
14158,310,286,286
14159,310,282,286
14160,310,279,284
14161,310,277,280
14162,310,276,280
14163,310,282,280
14164,310,286,282
14165,310,289,285
14166,310,288,288
14167,310,284,285
14168,310,277,282
14169,310,276,280
14170,310,276,281
14171,310,280,284
14172,310,284,286
14173,310,292,286
14174,310,290,284
14175,310,284,282
14176,310,278,278
14177,310,276,280
14178,310,280,284
14179,310,284,288
14180,310,286,290
14181,310,288,290
14182,310,288,284
14183,310,286,279
14184,310,282,278
14185,310,280,280
14186,310,282,284
14187,310,288,286
14188,310,289,284
14189,310,286,280
14190,310,285,278
14191,310,285,278
14192,310,286,280
14193,310,286,282
14194,310,286,284
14195,310,286,284
14196,310,287,281
14197,310,286,276
14198,310,284,276
14199,310,284,278
14200,310,286,282
14201,310,288,284
14202,310,287,286
14203,311,286,284
14204,310,285,282
14205,310,286,278
14206,310,285,276
14207,310,281,278
14208,310,280,284
14209,310,284,286
14210,310,290,288
14211,310,292,286
14212,310,288,284
14213,310,284,281
14214,310,280,280
14215,310,280,281
14216,310,282,281
14217,310,287,284
14218,310,292,284
14219,310,290,284
14220,310,286,282
14221,310,285,280
14222,310,284,279
14223,310,284,279
14224,310,282,280
14225,310,282,281
14226,310,285,284
14227,310,292,284
14228,310,292,286
14229,310,289,284
14230,310,285,280
14231,310,285,276
14232,310,288,274
14233,310,292,276
14234,310,292,279
14235,310,292,285
14236,310,292,285
14237,310,292,282
14238,310,288,279
14239,310,284,278
14240,310,279,280
14241,310,277,284
14242,310,278,288
14243,310,281,292
14244,310,284,292
14245,310,292,288
14246,310,293,284
14247,310,289,281
14248,310,284,282
14249,310,280,284
14250,310,278,288
14251,310,278,290
14252,310,279,288
14253,310,284,290
14254,310,288,288
14255,310,290,284
14256,310,288,280
14257,310,288,278
14258,310,286,281
14259,310,284,286
14260,310,284,288
14261,310,284,286
14262,310,284,284
14263,311,289,282
14264,310,290,279
14265,310,290,278
14266,310,289,279
14267,310,290,284
14268,310,288,287
14269,310,284,289
14270,310,281,286
14271,310,279,280
14272,310,284,279
14273,310,286,281
14274,310,286,286
14275,310,288,288
14276,310,292,288
14277,310,292,288
14278,310,288,288
14279,310,282,284
14280,310,277,282
14281,310,279,282
14282,310,281,286
14283,310,282,292
14284,310,282,294
14285,310,288,292
14286,310,288,290
14287,310,285,288
14288,310,285,286
14289,310,288,284
14290,310,288,286
14291,310,285,288
14292,310,279,292
14293,310,279,292
14294,310,281,288
14295,310,281,285
14296,310,281,286
14297,310,288,288
14298,310,290,290
14299,310,297,290
14300,310,292,286
14301,310,284,282
14302,310,272,278
14303,310,274,276
14304,310,279,279
14305,310,288,290
14306,310,294,295
14307,310,294,295
14308,310,292,286
14309,310,284,279
14310,310,276,274
14311,310,276,278
14312,310,285,284
14313,310,294,292
14314,310,296,295
14315,310,292,292
14316,310,285,284
14317,310,280,278
14318,310,280,279
14319,310,282,282
14320,310,290,290
14321,310,294,293
14322,310,292,292
14323,311,280,284
14324,310,274,280
14325,310,276,280
14326,310,282,284
14327,310,288,287
14328,310,286,290
14329,310,284,292
14330,310,280,288
14331,310,278,282
14332,310,276,280
14333,310,277,282
14334,310,279,286
14335,310,284,290
14336,310,285,290
14337,310,284,287
14338,310,278,284
14339,310,277,280
14340,310,277,280
14341,310,279,282
14342,310,282,286
14343,310,287,290
14344,310,287,290
14345,310,284,288
14346,310,276,278
14347,310,273,276
14348,310,278,278
14349,310,284,284
14350,310,290,288
14351,310,294,292
14352,310,292,288
14353,310,284,284
14354,310,276,278
14355,310,271,276
14356,310,276,279
14357,310,286,286
14358,310,295,290
14359,310,296,292
14360,310,293,288
14361,310,284,284
14362,310,276,278
14363,310,274,276
14364,310,276,276
14365,310,281,284
14366,310,292,290
14367,310,294,292
14368,310,292,290
14369,310,284,282
14370,310,278,278
14371,310,274,276
14372,310,276,280
14373,310,279,282
14374,310,286,288
14375,310,292,288
14376,310,290,284
14377,310,282,279
14378,310,278,278
14379,310,276,279
14380,310,278,285
14381,310,280,288
14382,310,282,287
14383,311,284,284
14384,310,286,282
14385,310,285,278
14386,310,282,278
14387,310,281,281
14388,310,282,285
14389,310,282,288
14390,310,282,288
14391,310,282,284
14392,310,282,280
14393,310,286,279
14394,310,287,280
14395,310,286,286
14396,310,286,288
14397,310,288,284
14398,310,288,278
14399,310,286,272
14400,310,286,268
14401,310,285,273
14402,310,290,280
14403,310,293,290
14404,310,292,292
14405,310,288,287
14406,310,284,276
14407,310,280,269
14408,310,281,270
14409,310,284,276
14410,310,292,287
14411,310,295,292
14412,310,292,288
14413,310,282,278
14414,310,278,274
14415,310,280,274
14416,310,284,284
14417,310,286,290
14418,310,285,292
14419,310,284,288
14420,310,285,282
14421,310,286,274
14422,310,286,274
14423,310,286,280
14424,310,286,284
14425,310,284,285
14426,310,278,284
14427,310,277,284
14428,310,278,284
14429,310,286,282
14430,310,292,284
14431,310,292,284
14432,310,289,284
14433,310,284,280
14434,310,281,276
14435,310,281,273
14436,310,286,274
14437,310,288,278
14438,310,292,284
14439,310,289,289
14440,310,285,288
14441,310,284,284
14442,310,288,280
14443,311,292,276
14444,310,290,276
14445,310,288,278
14446,310,285,284
14447,310,286,289
14448,310,286,290
14449,310,284,284
14450,310,282,280
14451,310,284,277
14452,310,286,279
14453,310,286,284
14454,310,289,288
14455,310,292,290
14456,310,294,290
14457,310,288,289
14458,310,281,285
14459,310,274,282
14460,310,278,284
14461,310,284,286
14462,310,292,290
14463,310,296,289
14464,310,295,288
14465,310,288,288
14466,310,282,287
14467,310,277,284
14468,310,278,282
14469,310,288,282
14470,310,292,284
14471,310,292,284
14472,310,292,285
14473,310,292,286
14474,310,287,287
14475,310,282,284
14476,310,279,280
14477,310,280,278
14478,310,289,280
14479,310,294,282
14480,310,294,288
14481,310,290,288
14482,310,284,286
14483,310,278,282
14484,310,276,282
14485,310,279,281
14486,310,282,285
14487,310,293,289
14488,310,294,292
14489,310,290,292
14490,310,281,287
14491,310,278,284
14492,310,279,282
14493,310,284,284
14494,310,288,288
14495,310,288,292
14496,310,286,292
14497,310,280,290
14498,310,276,284
14499,310,276,284
14500,310,286,285
14501,310,292,290
14502,310,292,292
14503,311,284,292
14504,310,277,288
14505,310,274,282
14506,310,276,279
14507,310,279,281
14508,310,288,288
14509,310,294,294
14510,310,294,294
14511,310,286,290
14512,310,279,285
14513,310,276,281
14514,310,279,280
14515,310,284,280
14516,310,285,286
14517,310,286,292
14518,310,292,294
14519,310,292,288
14520,310,288,282
14521,310,284,278
14522,310,279,282
14523,310,280,286
14524,310,284,288
14525,310,286,290
14526,310,292,292
14527,310,292,287
14528,310,286,282
14529,310,278,278
14530,310,274,279
14531,310,278,286
14532,310,286,294
14533,310,290,298
14534,310,286,295
14535,310,284,292
14536,310,280,286
14537,310,280,280
14538,310,280,280
14539,310,284,284
14540,310,284,290
14541,311,284,294
14542,310,284,296
14543,310,281,292
14544,310,277,288
14545,310,277,282
14546,310,278,279
14547,310,284,280
14548,310,290,286
14549,310,294,292
14550,310,292,292
14551,310,286,289
14552,311,276,278
14553,310,271,274
14554,311,272,273
14555,310,280,282
14556,310,288,289
14557,310,296,296
14558,310,295,293
14559,310,287,286
14560,310,276,274
14561,310,269,270
14562,310,271,276
14563,310,280,286
14564,310,288,294
14565,311,290,296
14566,310,289,292
14567,310,284,284
14568,310,279,279
14569,310,276,278
14570,310,276,280
14571,310,278,286
14572,310,284,290
14573,310,286,290
14574,310,284,288
14575,310,282,284
14576,310,280,282
14577,310,278,282
14578,312,278,284
14579,310,278,284
14580,310,281,286
14581,310,286,288
14582,310,287,286
14583,310,284,284
14584,310,279,281
14585,310,278,279
14586,310,279,280
14587,310,282,284
14588,310,288,286
14589,311,288,286
14590,310,286,285
14591,310,281,282
14592,310,278,280
14593,310,279,278
14594,310,284,278
14595,310,288,284
14596,310,288,290
14597,310,286,290
14598,310,284,286
14599,310,282,280
14600,310,280,278
14601,310,280,278
14602,310,284,282
14603,310,292,285
14604,310,292,288
14605,310,287,288
14606,310,280,286
14607,310,276,284
14608,310,276,282
14609,310,280,282
14610,310,284,284
14611,310,292,285
14612,310,296,281
14613,310,294,276
14614,310,284,272
14615,310,280,272
14616,310,280,276
14617,310,284,282
14618,310,288,285
14619,310,286,286
14620,310,286,284
14621,310,284,276
14622,310,285,274
14623,310,284,276
14624,310,286,280
14625,310,288,284
14626,310,288,284
14627,310,286,280
14628,310,282,278
14629,310,280,278
14630,310,282,281
14631,310,284,284
14632,310,284,286
14633,310,284,286
14634,310,286,284
14635,310,288,280
14636,310,288,280
14637,310,282,280
14638,311,280,282
14639,310,280,280
14640,310,284,278
14641,310,286,280
14642,310,290,284
14643,310,290,286
14644,310,289,286
14645,310,284,281
14646,310,279,277
14647,310,279,276
14648,310,285,276
14649,311,292,276
14650,310,296,280
14651,310,295,282
14652,310,288,282
14653,310,282,282
14654,310,280,280
14655,310,284,278
14656,310,287,278
14657,310,292,278
14658,310,289,278
14659,310,286,279
14660,310,289,284
14661,310,292,284
14662,310,294,284
14663,310,286,281
14664,310,278,277
14665,310,273,274
14666,310,280,276
14667,310,286,280
14668,310,288,290
14669,310,285,293
14670,310,281,292
14671,310,280,286
14672,310,282,284
14673,310,284,284
14674,310,285,286
14675,310,292,288
14676,310,292,290
14677,310,288,290
14678,310,284,290
14679,310,284,289
14680,310,284,288
14681,310,285,284
14682,310,285,282
14683,310,286,282
14684,310,290,286
14685,310,292,290
14686,310,293,292
14687,310,292,288
14688,310,290,280
14689,310,282,272
14690,310,278,271
14691,310,282,276
14692,310,288,286
14693,310,302,293
14694,310,301,292
14695,310,292,288
14696,310,276,276
14697,310,273,270
14698,311,278,273
14699,310,289,285
14700,310,294,294
14701,310,293,298
14702,310,290,292
14703,310,284,284
14704,310,276,276
14705,310,274,276
14706,310,281,282
14707,310,292,292
14708,310,296,298
14709,311,294,300
14710,310,287,296
14711,310,278,288
14712,310,271,276
14713,310,269,274
14714,310,276,282
14715,310,286,294
14716,310,297,301
14717,310,298,301
14718,310,292,296
14719,310,272,286
14720,309,264,276
14721,310,264,272
14722,310,277,280
14723,310,290,292
14724,310,303,300
14725,310,298,298
14726,310,285,290
14727,310,268,276
14728,310,266,271
14729,310,278,276
14730,310,292,286
14731,310,297,292
14732,310,294,296
14733,310,287,292
14734,310,278,284
14735,310,276,274
14736,310,278,276
14737,310,288,284
14738,310,294,294
14739,310,295,295
14740,310,287,286
14741,310,281,281
14742,310,274,279
14743,310,272,282
14744,310,274,288
14745,310,284,292
14746,310,292,294
14747,310,295,294
14748,310,287,290
14749,310,277,284
14750,310,268,281
14751,310,271,284
14752,310,278,288
14753,310,290,294
14754,310,297,294
14755,310,298,292
14756,310,288,286
14757,310,276,284
14758,311,262,281
14759,310,262,284
14760,309,278,286
14761,310,292,289
14762,310,300,290
14763,310,304,286
14764,310,298,284
14765,310,286,281
14766,310,270,281
14767,310,263,280
14768,310,266,282
14769,312,281,282
14770,310,294,282
14771,310,301,286
14772,310,300,286
14773,310,289,284
14774,310,275,280
14775,310,266,277
14776,310,264,277
14777,310,270,280
14778,310,289,286
14779,310,296,292
14780,310,293,294
14781,310,284,292
14782,310,278,284
14783,310,273,278
14784,310,272,276
14785,310,274,280
14786,310,282,289
14787,310,290,294
14788,310,292,294
14789,310,284,288
14790,310,278,284
14791,310,273,278
14792,310,274,278
14793,310,277,284
14794,310,284,292
14795,310,285,294
14796,310,288,290
14797,310,284,280
14798,310,278,276
14799,310,273,276
14800,310,276,279
14801,310,281,284
14802,310,287,292
14803,310,290,292
14804,310,288,286
14805,310,286,277
14806,310,281,272
14807,310,276,274
14808,310,277,280
14809,310,285,286
14810,310,292,290
14811,310,292,289
14812,310,288,284
14813,310,284,279
14814,310,282,276
14815,310,281,280
14816,310,278,284
14817,310,282,290
14818,312,288,288
14819,310,292,285
14820,310,290,282
14821,310,286,281
14822,310,279,281
14823,310,278,284
14824,310,278,284
14825,310,284,284
14826,310,289,286
14827,310,297,284
14828,310,294,284
14829,311,286,284
14830,310,276,282
14831,310,273,280
14832,310,278,277
14833,310,285,274
14834,310,288,273
14835,310,292,279
14836,310,294,286
14837,310,292,290
14838,310,284,292
14839,310,279,285
14840,310,274,276
14841,310,277,271
14842,310,282,271
14843,310,288,276
14844,310,292,284
14845,310,297,290
14846,310,292,292
14847,310,286,288
14848,310,278,280
14849,310,276,277
14850,310,279,277
14851,310,284,280
14852,310,287,282
14853,310,292,286
14854,310,294,286
14855,310,288,284
14856,310,279,282
14857,310,278,280
14858,310,282,278
14859,310,287,279
14860,310,289,280
14861,310,288,282
14862,310,288,282
14863,310,292,280
14864,310,292,278
14865,310,288,278
14866,310,282,278
14867,310,282,280
14868,310,284,282
14869,310,292,284
14870,310,294,284
14871,310,293,284
14872,310,290,279
14873,310,284,276
14874,310,281,276
14875,310,284,278
14876,310,293,282
14877,310,296,284
14878,312,294,284
14879,310,284,282
14880,310,278,279
14881,310,280,277
14882,310,289,278
14883,310,294,281
14884,310,296,288
14885,310,292,292
14886,310,282,290
14887,310,271,287
14888,309,266,284
14889,311,268,284
14890,310,280,284
14891,310,289,286
14892,310,292,290
14893,310,292,294
14894,310,288,294
14895,310,284,290
14896,310,279,285
14897,310,276,276
14898,309,276,276
14899,310,282,282
14900,310,290,292
14901,310,294,295
14902,310,298,292
14903,309,296,282
14904,310,287,276
14905,310,278,274
14906,310,276,276
14907,310,284,284
14908,310,294,290
14909,310,294,292
14910,310,284,285
14911,310,280,278
14912,310,284,274
14913,310,293,279
14914,310,296,286
14915,310,292,294
14916,310,287,292
14917,310,284,288
14918,310,280,280
14919,309,278,278
14920,310,280,282
14921,310,288,289
14922,310,295,293
14923,310,298,296
14924,310,293,294
14925,310,285,288
14926,310,276,280
14927,310,270,278
14928,310,273,282
14929,310,281,292
14930,310,300,300
14931,310,304,300
14932,310,297,294
14933,310,280,282
14934,310,269,276
14935,310,263,276
14936,310,268,284
14937,310,274,290
14938,311,292,302
14939,310,302,298
14940,310,302,288
14941,310,285,276
14942,310,271,274
14943,310,261,280
14944,310,272,290
14945,310,287,294
14946,310,300,292
14947,310,302,288
14948,310,292,280
14949,311,280,274
14950,310,273,276
14951,310,277,284
14952,310,286,293
14953,310,295,296
14954,310,296,290
14955,310,288,284
14956,310,280,279
14957,310,284,280
14958,310,287,284
14959,309,292,289
14960,310,292,290
14961,310,286,288
14962,310,282,284
14963,310,280,280
14964,310,282,282
14965,310,285,290
14966,310,290,296
14967,310,287,294
14968,309,279,288
14969,309,273,278
14970,310,274,276
14971,310,281,278
14972,310,288,289
14973,309,289,294
14974,310,284,296
14975,310,279,290
14976,310,272,281
14977,310,268,275
14978,310,271,278
14979,310,284,285
14980,310,294,293
14981,310,295,295
14982,310,285,290
14983,309,276,280
14984,309,268,272
14985,310,270,270
14986,310,276,276
14987,310,288,292
14988,310,295,300
14989,310,296,298
14990,310,286,286
14991,310,276,276
14992,310,264,270
14993,310,270,274
14994,310,282,282
14995,310,297,296
14996,310,302,300
14997,310,296,294
14998,311,282,280
14999,310,269,273
15000,310,263,271
15001,310,268,280
15002,310,290,292
15003,310,304,300
15004,310,305,300
15005,310,292,286
15006,310,277,271
15007,310,266,266
15008,309,266,274
15009,311,274,284
15010,310,290,298
15011,310,300,300
15012,310,298,294
15013,310,284,280
15014,310,276,270
15015,310,269,268
15016,310,272,276
15017,310,278,285
15018,310,289,295
15019,310,292,294
15020,310,292,289
15021,310,284,279
15022,310,274,274
15023,309,270,271
15024,310,276,278
15025,310,282,285
15026,310,290,294
15027,310,292,294
15028,310,288,288
15029,310,284,279
15030,310,277,274
15031,310,272,274
15032,310,276,281
15033,310,284,288
15034,310,292,293
15035,310,294,293
15036,310,290,284
15037,310,284,277
15038,310,279,274
15039,310,278,278
15040,310,279,284
15041,310,286,292
15042,310,292,292
15043,310,292,290
15044,310,288,281
15045,310,284,276
15046,310,282,272
15047,309,284,276
15048,310,287,279
15049,310,288,284
15050,310,288,288
15051,310,288,285
15052,310,286,278
15053,310,284,277
15054,310,284,276
15055,310,285,278
15056,310,290,280
15057,310,292,285
15058,310,287,286
15059,310,284,284
15060,310,284,277
15061,309,284,274
15062,310,284,278
15063,308,284,284
15064,310,286,288
15065,310,289,288
15066,310,289,287
15067,310,284,281
15068,310,282,279
15069,311,282,277
15070,310,284,278
15071,310,284,282
15072,310,284,286
15073,310,288,286
15074,310,290,284
15075,310,288,282
15076,310,284,281
15077,310,278,284
15078,310,280,284
15079,310,284,282
15080,310,288,280
15081,310,290,280
15082,310,290,280
15083,310,290,280
15084,310,288,282
15085,310,285,282
15086,310,284,284
15087,310,284,282
15088,308,287,278
15089,310,290,278
15090,310,295,280
15091,310,298,282
15092,310,295,282
15093,310,286,282
15094,310,281,278
15095,310,278,277
15096,310,284,276
15097,310,288,278
15098,310,286,286
15099,310,284,292
15100,310,279,294
15101,310,280,290
15102,310,285,286
15103,310,292,280
15104,310,290,281
15105,310,287,284
15106,310,278,288
15107,310,271,288
15108,310,274,288
15109,310,282,285
15110,310,292,284
15111,310,295,285
15112,310,292,286
15113,310,282,288
15114,310,278,288
15115,310,276,288
15116,310,277,284
15117,310,281,281
15118,311,292,280
15119,310,296,280
15120,310,296,282
15121,310,294,284
15122,310,290,286
15123,308,285,284
15124,310,279,280
15125,309,276,277
15126,310,279,279
15127,310,287,284
15128,310,293,288
15129,311,294,290
15130,310,292,287
15131,310,286,280
15132,310,284,278
15133,309,282,279
15134,310,280,285
15135,310,280,290
15136,310,284,292
15137,310,284,292
15138,310,282,292
15139,310,284,288
15140,310,286,286
15141,309,290,284
15142,310,288,285
15143,309,282,286
15144,310,277,288
15145,310,279,288
15146,310,284,289
15147,310,286,290
15148,309,286,290
15149,310,284,286
15150,310,280,284
15151,310,278,284
15152,310,278,286
15153,310,282,289
15154,310,290,288
15155,310,289,286
15156,310,282,284
15157,310,274,286
15158,310,274,286
15159,310,284,284
15160,310,292,285
15161,310,294,286
15162,310,290,288
15163,310,285,286
15164,310,279,282
15165,310,276,280
15166,310,278,282
15167,310,288,285
15168,310,295,286
15169,310,297,288
15170,310,289,286
15171,310,284,286
15172,310,280,286
15173,310,281,284
15174,310,282,284
15175,310,288,285
15176,310,292,288
15177,310,293,290
15178,311,288,287
15179,310,282,284
15180,310,276,282
15181,310,276,281
15182,310,279,282
15183,309,284,288
15184,310,288,292
15185,310,290,293
15186,310,285,290
15187,310,278,286
15188,310,268,278
15189,311,266,279
15190,310,276,282
15191,310,288,288
15192,310,292,292
15193,310,290,292
15194,310,284,286
15195,310,274,282
15196,310,270,279
15197,310,271,280
15198,310,279,286
15199,310,289,290
15200,310,292,290
15201,310,286,288
15202,310,281,284
15203,310,277,280
15204,310,277,280
15205,310,278,281
15206,310,284,284
15207,310,286,288
15208,310,292,290
15209,310,288,287
15210,310,281,286
15211,310,276,281
15212,310,278,278
15213,310,284,279
15214,310,288,284
15215,310,290,288
15216,310,290,292
15217,310,288,287
15218,310,284,282
15219,310,276,278
15220,310,276,279
15221,310,281,284
15222,310,288,290
15223,310,292,292
15224,310,289,288
15225,310,285,283
15226,310,282,278
15227,310,279,277
15228,310,278,278
15229,310,281,286
15230,310,285,290
15231,310,287,290
15232,310,284,286
15233,310,282,282
15234,310,279,278
15235,310,280,278
15236,310,282,280
15237,310,281,285
15238,311,282,288
15239,310,284,286
15240,310,284,282
15241,310,280,280
15242,310,280,279
15243,310,279,282
15244,310,285,286
15245,310,285,288
15246,310,284,286
15247,310,284,284
15248,310,284,281
15249,311,282,280
15250,310,281,280
15251,310,281,282
15252,310,283,285
15253,308,288,286
15254,310,289,284
15255,310,288,278
15256,310,288,276
15257,310,289,273
15258,309,289,276
15259,310,288,279
15260,310,288,286
15261,310,284,286
15262,310,284,284
15263,310,284,278
15264,310,282,274
15265,310,287,277
15266,310,293,280
15267,310,295,284
15268,310,290,284
15269,310,284,282
15270,310,277,278
15271,310,277,277
15272,310,280,279
15273,310,286,282
15274,310,288,287
15275,310,290,288
15276,310,286,284
15277,310,284,282
15278,310,284,280
15279,310,286,280
15280,310,288,281
15281,310,284,284
15282,310,280,281
15283,310,278,280
15284,310,284,280
15285,310,289,282
15286,310,290,286
15287,310,290,288
15288,310,287,286
15289,310,284,280
15290,310,281,277
15291,310,280,272
15292,310,281,276
15293,310,287,279
15294,310,290,286
15295,310,290,290
15296,310,290,288
15297,310,289,282
15298,311,286,277
15299,310,282,276
15300,310,280,278
15301,310,284,282
15302,310,292,286
15303,308,295,287
15304,310,294,284
15305,310,290,281
15306,310,282,279
15307,310,278,280
15308,309,276,284
15309,311,280,286
15310,310,282,286
15311,310,290,284
15312,310,293,282
15313,310,293,284
15314,310,292,286
15315,310,290,288
15316,310,284,290
15317,310,276,290
15318,310,276,286
15319,310,280,282
15320,310,290,280
15321,310,295,282
15322,310,294,290
15323,310,292,292
15324,310,286,290
15325,310,282,284
15326,310,278,282
15327,310,278,276
15328,310,281,276
15329,310,292,280
15330,310,296,290
15331,310,294,295
15332,310,289,294
15333,310,284,284
15334,310,279,276
15335,310,276,272
15336,310,279,274
15337,310,287,280
15338,310,295,288
15339,310,296,293
15340,310,288,294
15341,310,284,288
15342,310,279,281
15343,310,280,276
15344,310,282,277
15345,310,287,286
15346,310,289,292
15347,310,290,294
15348,310,286,290
15349,310,282,286
15350,310,279,282
15351,310,280,284
15352,310,280,286
15353,310,284,290
15354,310,286,292
15355,310,288,290
15356,310,287,289
15357,310,284,287
15358,311,277,284
15359,310,276,286
15360,310,280,286
15361,310,285,286
15362,310,287,286
15363,309,286,286
15364,310,286,288
15365,310,286,288
15366,310,285,288
15367,310,282,284
15368,310,280,282
15369,311,282,284
15370,310,282,286
15371,310,282,292
15372,310,284,292
15373,310,286,290
15374,310,288,284
15375,310,286,282
15376,310,281,280
15377,310,279,283
15378,310,282,285
15379,310,288,288
15380,310,292,288
15381,310,288,288
15382,310,284,287
15383,310,277,286
15384,310,278,284
15385,310,282,284
15386,310,288,284
15387,310,290,287
15388,310,285,290
15389,310,280,292
15390,310,278,290
15391,310,281,286
15392,310,282,284
15393,310,280,284
15394,310,281,286
15395,310,282,292
15396,310,288,294
15397,310,288,293
15398,310,284,290
15399,310,281,282
15400,310,281,279
15401,310,280,279
15402,310,282,286
15403,310,284,290
15404,310,288,294
15405,310,290,290
15406,310,285,285
15407,310,276,278
15408,310,274,276
15409,310,279,280
15410,310,286,288
15411,310,290,294
15412,310,288,292
15413,310,284,284
15414,310,278,278
15415,310,276,274
15416,310,276,277
15417,310,282,286
15418,310,287,292
15419,310,288,294
15420,310,284,288
15421,310,278,282
15422,310,274,278
15423,309,279,280
15424,310,284,284
15425,310,285,290
15426,310,285,292
15427,310,284,288
15428,310,279,282
15429,311,276,279
15430,310,276,280
15431,310,278,286
15432,310,285,292
15433,310,287,290
15434,310,285,288
15435,310,282,282
15436,310,281,278
15437,310,278,278
15438,310,273,284
15439,310,274,288
15440,310,282,293
15441,310,292,289
15442,310,298,280
15443,309,292,272
15444,310,282,274
15445,310,272,279
15446,310,272,286
15447,310,278,292
15448,310,288,293
15449,310,292,288
15450,310,292,282
15451,310,288,273
15452,310,282,270
15453,310,280,276
15454,310,282,286
15455,310,285,292
15456,310,286,294
15457,310,284,290
15458,309,282,281
15459,310,282,276
15460,310,284,276
15461,310,286,282
15462,310,287,290
15463,310,287,292
15464,310,282,288
15465,310,278,284
15466,310,278,280
15467,310,280,280
15468,310,288,280
15469,310,294,279
15470,310,292,276
15471,310,288,276
15472,310,286,276
15473,310,285,278
15474,310,284,281
15475,310,284,282
15476,310,284,281
15477,310,284,279
15478,311,284,278
15479,310,286,276
15480,310,290,278
15481,310,293,280
15482,310,290,284
15483,309,282,284
15484,310,276,282
15485,310,276,278
15486,310,281,278
15487,310,287,282
15488,310,288,284
15489,311,290,286
15490,310,290,285
15491,310,286,284
15492,310,281,279
15493,310,279,278
15494,310,279,279
15495,310,280,284
15496,310,284,286
15497,310,288,284
15498,310,292,284
15499,310,295,282
15500,310,289,279
15501,310,280,278
15502,310,274,279
15503,310,276,280
15504,310,284,280
15505,310,294,280
15506,310,297,279
15507,310,292,278
15508,310,287,277
15509,310,282,278
15510,310,280,278
15511,310,284,278
15512,310,293,278
15513,310,292,280
15514,310,288,282
15515,310,281,282
15516,310,279,282
15517,310,287,282
15518,310,292,280
15519,310,292,280
15520,310,286,276
15521,310,286,276
15522,310,284,280
15523,310,282,287
15524,310,280,289
15525,310,278,288
15526,310,280,282
15527,310,280,278
15528,310,282,280
15529,310,284,288
15530,310,290,295
15531,310,292,300
15532,310,290,300
15533,310,286,290
15534,310,284,280
15535,310,285,274
15536,310,286,276
15537,310,286,282
15538,311,292,292
15539,310,294,294
15540,310,295,292
15541,310,292,282
15542,310,287,277
15543,310,280,276
15544,310,280,282
15545,310,282,286
15546,310,288,287
15547,310,293,286
15548,310,300,284
15549,311,296,280
15550,310,289,278
15551,310,279,278
15552,310,274,282
15553,310,276,284
15554,310,286,286
15555,310,290,286
15556,310,293,286
15557,310,292,288
15558,310,286,290
15559,310,280,292
15560,310,279,288
15561,310,281,284
15562,310,285,280
15563,310,288,279
15564,310,292,282
15565,310,290,292
15566,310,290,300
15567,310,284,305
15568,310,276,302
15569,310,270,286
15570,310,270,274
15571,310,279,272
15572,310,295,284
15573,310,303,290
15574,310,306,300
15575,310,294,296
15576,310,276,288
15577,310,260,274
15578,310,260,269
15579,310,276,276
15580,310,294,293
15581,310,304,303
15582,310,302,303
15583,310,294,294
15584,310,277,282
15585,310,266,270
15586,310,266,266
15587,310,280,272
15588,310,292,286
15589,310,298,298
15590,310,294,305
15591,310,286,300
15592,310,278,289
15593,310,276,277
15594,310,276,274
15595,310,278,278
15596,310,282,285
15597,310,293,292
15598,311,301,296
15599,310,302,294
15600,310,288,284
15601,310,276,280
15602,310,262,279
15603,310,260,284
15604,310,268,290
15605,310,288,296
15606,310,302,296
15607,310,306,294
15608,310,292,286
15609,311,277,280
15610,310,260,279
15611,310,262,282
15612,310,273,286
15613,310,290,292
15614,310,298,294
15615,310,301,290
15616,310,293,284
15617,310,284,282
15618,310,273,282
15619,310,271,284
15620,310,279,286
15621,310,284,288
15622,310,286,288
15623,310,289,286
15624,310,292,284
15625,310,290,284
15626,310,285,282
15627,310,282,280
15628,310,278,282
15629,310,282,284
15630,310,284,286
15631,310,284,286
15632,310,284,284
15633,310,280,282
15634,310,279,282
15635,310,278,284
15636,310,282,286
15637,310,284,287
15638,310,288,286
15639,310,286,284
15640,310,279,284
15641,310,271,286
15642,310,272,288
15643,310,278,286
15644,310,286,282
15645,310,288,282
15646,310,284,284
15647,310,282,288
15648,310,280,288
15649,310,278,284
15650,310,277,284
15651,310,278,282
15652,310,278,280
15653,310,280,281
15654,310,284,286
15655,310,285,292
15656,310,286,292
15657,310,284,286
15658,311,279,280
15659,310,276,273
15660,310,279,272
15661,310,284,278
15662,310,287,288
15663,310,289,294
15664,310,288,292
15665,310,284,284
15666,310,282,278
15667,310,279,274
15668,310,280,278
15669,311,286,282
15670,310,290,288
15671,310,290,290
15672,310,286,288
15673,310,284,281
15674,310,284,277
15675,310,284,278
15676,310,284,282
15677,310,286,288
15678,310,288,290
15679,310,286,290
15680,310,279,286
15681,310,277,282
15682,310,281,278
15683,310,289,278
15684,310,293,278
15685,310,290,280
15686,310,288,281
15687,310,285,280
15688,310,280,279
15689,310,276,280
15690,310,276,282
15691,310,281,284
15692,310,290,284
15693,310,295,284
15694,310,293,284
15695,310,285,282
15696,310,282,275
15697,310,278,271
15698,310,276,274
15699,310,279,282
15700,310,288,290
15701,310,295,295
15702,310,296,294
15703,310,288,282
15704,310,280,275
15705,310,274,271
15706,310,276,274
15707,310,280,280
15708,310,292,292
15709,310,297,293
15710,310,297,290
15711,310,288,280
15712,310,280,274
15713,310,273,274
15714,310,278,280
15715,310,284,284
15716,310,288,288
15717,310,290,288
15718,311,290,284
15719,310,288,276
15720,310,286,272
15721,310,286,272
15722,310,286,278
15723,310,290,284
15724,310,290,288
15725,310,288,286
15726,310,286,280
15727,310,286,276
15728,310,284,275
15729,311,284,278
15730,310,285,280
15731,310,289,284
15732,310,294,286
15733,310,294,282
15734,310,288,276
15735,310,284,276
15736,310,281,276
15737,310,284,281
15738,310,289,284
15739,310,296,285
15740,310,296,284
15741,310,294,282
15742,310,284,284
15743,310,276,284
15744,310,268,288
15745,310,270,292
15746,310,277,292
15747,310,285,290
15748,310,290,288
15749,310,292,285
15750,310,290,284
15751,310,285,286
15752,310,278,288
15753,310,277,288
15754,310,280,284
15755,310,284,282
15756,310,284,282
15757,310,289,284
15758,310,293,286
15759,310,298,288
15760,310,294,286
15761,310,287,282
15762,310,278,276
15763,309,277,274
15764,310,279,276
15765,310,287,286
15766,310,294,290
15767,310,298,290
15768,310,294,284
15769,310,284,280
15770,310,276,276
15771,310,276,277
15772,310,284,280
15773,310,292,288
15774,310,292,294
15775,310,288,294
15776,310,285,288
15777,310,284,284
15778,311,284,280
15779,310,284,280
15780,310,284,288
15781,310,285,292
15782,310,285,294
15783,310,284,293
15784,310,282,292
15785,310,282,288
15786,310,284,284
15787,310,286,282
15788,309,288,284
15789,311,290,292
15790,310,288,294
15791,310,279,290
15792,310,274,288
15793,310,276,282
15794,310,284,278
15795,310,295,279
15796,310,296,287
15797,310,290,292
15798,310,280,293
15799,310,276,286
15800,310,272,279
15801,310,271,278
15802,310,276,284
15803,310,292,289
15804,310,302,290
15805,310,302,288
15806,310,286,284
15807,310,274,282
15808,310,265,280
15809,310,269,282
15810,310,276,286
15811,310,292,293
15812,310,300,294
15813,310,301,292
15814,310,292,285
15815,310,280,280
15816,310,270,280
15817,310,274,282
15818,310,282,286
15819,310,292,292
15820,310,294,293
15821,310,294,292
15822,310,288,286
15823,310,282,284
15824,310,274,280
15825,310,272,282
15826,310,280,286
15827,310,286,288
15828,310,289,289
15829,310,292,288
15830,310,288,285
15831,310,282,282
15832,310,272,279
15833,310,268,278
15834,310,271,282
15835,310,284,290
15836,310,294,293
15837,310,296,292
15838,311,292,286
15839,310,278,278
15840,310,270,272
15841,310,268,273
15842,310,279,282
15843,310,286,292
15844,310,294,297
15845,310,290,293
15846,310,281,286
15847,310,272,276
15848,310,272,276
15849,311,278,279
15850,310,286,288
15851,310,289,292
15852,310,288,292
15853,310,285,287
15854,310,280,282
15855,310,276,277
15856,310,276,280
15857,310,282,286
15858,310,286,290
15859,310,288,292
15860,310,286,288
15861,310,284,282
15862,310,284,278
15863,310,284,278
15864,310,280,280
15865,310,281,288
15866,310,284,290
15867,310,286,288
15868,310,287,282
15869,310,286,278
15870,310,284,278
15871,310,284,284
15872,310,284,286
15873,310,282,286
15874,310,284,286
15875,310,286,282
15876,310,285,278
15877,310,282,277
15878,310,281,280
15879,310,282,286
15880,310,286,288
15881,310,286,286
15882,310,282,282
15883,310,278,279
15884,310,277,279
15885,310,281,282
15886,310,284,286
15887,310,285,288
15888,310,286,288
15889,310,284,284
15890,310,284,280
15891,310,280,277
15892,310,280,282
15893,310,285,286
15894,310,288,290
15895,310,286,290
15896,310,284,284
15897,310,284,280
15898,311,284,280
15899,310,285,281
15900,310,286,282
15901,310,288,284
15902,310,288,282
15903,310,288,280
15904,310,285,276
15905,310,285,278
15906,310,287,282
15907,310,288,287
15908,310,286,288
15909,311,284,281
15910,310,284,274
15911,310,286,270
15912,309,288,271
15913,310,288,276
15914,310,290,288
15915,310,290,294
15916,310,287,292
15917,310,282,282
15918,310,280,274
15919,310,281,269
15920,310,288,274
15921,310,292,282
15922,310,290,292
15923,310,289,292
15924,310,286,286
15925,310,282,276
15926,310,280,273
15927,310,280,274
15928,310,282,284
15929,310,290,292
15930,310,292,294
15931,310,288,292
15932,310,281,282
15933,310,279,274
15934,309,279,271
15935,310,285,276
15936,310,289,282
15937,310,292,288
15938,310,292,289
15939,310,286,284
15940,310,278,278
15941,310,276,276
15942,310,280,277
15943,310,288,282
15944,310,292,286
15945,310,296,286
15946,310,296,280
15947,310,293,276
15948,310,288,272
15949,310,284,274
15950,310,286,280
15951,310,290,284
15952,310,290,286
15953,310,286,284
15954,310,282,282
15955,310,280,282
15956,309,284,284
15957,310,284,286
15958,312,284,289
15959,310,284,288
15960,310,288,284
15961,310,290,280
15962,310,288,282
15963,310,284,288
15964,310,279,290
15965,310,279,290
15966,310,281,289
15967,310,282,287
15968,310,287,285
15969,311,292,282
15970,310,292,282
15971,310,287,284
15972,310,284,287
15973,310,280,286
15974,310,284,282
15975,310,288,280
15976,310,290,278
15977,310,292,282
15978,310,292,285
15979,310,289,286
15980,310,285,286
15981,310,282,284
15982,310,281,280
15983,309,284,276
15984,310,289,276
15985,310,290,279
15986,310,292,290
15987,310,292,292
15988,310,286,288
15989,310,276,284
15990,310,273,281
15991,310,276,282
15992,310,286,286
15993,310,295,290
15994,310,295,294
15995,310,290,294
15996,310,279,288
15997,310,274,280
15998,310,273,278
15999,310,279,284
16000,310,286,294
16001,310,294,300
16002,310,293,294
16003,310,288,286
16004,310,279,282
16005,310,276,282
16006,310,276,285
16007,310,282,288
16008,310,286,289
16009,310,288,290
16010,310,286,288
16011,310,284,286
16012,310,284,284
16013,310,284,286
16014,310,285,288
16015,310,281,288
16016,310,276,284
16017,310,278,278
16018,312,286,278
16019,310,296,284
16020,310,297,292
16021,310,292,292
16022,310,276,288
16023,310,271,282
16024,310,271,280
16025,310,280,282
16026,310,290,286
16027,310,300,292
16028,310,298,294
16029,312,292,292
16030,310,282,282
16031,310,276,278
16032,310,277,276
16033,310,282,282
16034,310,285,288
16035,310,292,296
16036,310,293,294
16037,310,289,290
16038,310,278,285
16039,310,272,281
16040,310,273,278
16041,310,284,282
16042,310,290,286
16043,310,290,293
16044,310,286,292
16045,310,280,286
16046,310,274,278
16047,310,272,278
16048,310,276,286
16049,310,282,293
16050,310,292,296
16051,310,290,288
16052,310,282,281
16053,310,271,274
16054,310,271,276
16055,310,278,282
16056,310,287,294
16057,310,292,298
16058,310,290,294
16059,310,284,282
16060,310,276,274
16061,310,268,270
16062,310,270,278
16063,310,284,288
16064,310,294,298
16065,310,296,298
16066,310,290,288
16067,310,281,278
16068,310,272,272
16069,310,271,276
16070,310,274,279
16071,310,286,290
16072,310,295,294
16073,310,296,293
16074,310,288,284
16075,310,284,278
16076,310,276,276
16077,310,276,280
16078,312,278,284
16079,310,282,288
16080,310,284,290
16081,310,289,286
16082,310,290,282
16083,310,289,280
16084,310,286,280
16085,310,282,282
16086,310,279,284
16087,310,277,285
16088,310,277,284
16089,312,284,282
16090,309,288,282
16091,310,289,284
16092,310,284,286
16093,310,282,286
16094,310,280,284
16095,310,280,280
16096,310,280,278
16097,310,280,278
16098,310,282,284
16099,310,285,288
16100,310,285,289
16101,310,282,288
16102,310,280,282
16103,310,281,278
16104,310,284,278
16105,310,285,280
16106,310,284,282
16107,310,284,288
16108,310,285,288
16109,310,284,285
16110,310,282,280
16111,310,284,278
16112,310,286,278
16113,310,290,278
16114,310,292,278
16115,309,292,278
16116,310,288,278
16117,310,285,278
16118,310,282,278
16119,310,280,280
16120,310,284,284
16121,310,288,284
16122,310,292,284
16123,310,290,281
16124,310,286,278
16125,310,280,277
16126,310,282,278
16127,310,284,278
16128,310,284,281
16129,310,286,285
16130,310,287,288
16131,310,286,288
16132,310,284,287
16133,310,281,280
16134,310,280,278
16135,310,284,278
16136,310,286,282
16137,310,286,284
16138,311,288,286
16139,310,288,284
16140,310,286,282
16141,310,280,280
16142,310,277,279
16143,310,279,282
16144,310,286,284
16145,310,290,284
16146,310,290,284
16147,310,290,282
16148,310,287,278
16149,311,284,276
16150,310,281,276
16151,310,281,278
16152,310,282,282
16153,310,288,284
16154,310,292,284
16155,310,290,284
16156,310,288,284
16157,310,287,282
16158,310,286,280
16159,310,284,280
16160,310,284,280
16161,310,286,279
16162,310,290,278
16163,310,292,278
16164,310,284,282
16165,310,279,286
16166,310,273,287
16167,310,274,290
16168,310,280,292
16169,310,296,292
16170,310,304,288
16171,310,310,284
16172,310,297,276
16173,310,280,274
16174,310,264,280
16175,310,266,289
16176,310,278,295
16177,310,294,298
16178,310,302,294
16179,310,298,286
16180,310,290,278
16181,310,284,276
16182,310,284,282
16183,310,286,292
16184,310,287,292
16185,310,282,284
16186,310,276,278
16187,310,279,273
16188,310,286,276
16189,310,298,284
16190,310,303,292
16191,310,296,290
16192,310,282,284
16193,310,274,278
16194,310,271,278
16195,310,279,282
16196,310,288,286
16197,310,298,288
16198,311,296,287
16199,310,288,284
16200,310,277,277
16201,310,274,279
16202,310,282,284
16203,310,290,292
16204,310,294,296
16205,310,291,296
16206,310,285,288
16207,310,277,280
16208,310,273,278
16209,310,273,280
16210,310,281,288
16211,310,292,294
16212,310,297,297
16213,310,297,298
16214,310,292,292
16215,310,277,282
16216,310,265,277
16217,310,261,278
16218,310,273,284
16219,310,285,292
16220,310,311,298
16221,310,313,298
16222,310,303,292
16223,310,276,280
16224,310,257,272
16225,310,252,272
16226,310,269,282
16227,310,288,292
16228,310,309,302
16229,310,312,298
16230,310,300,288
16231,310,276,274
16232,310,264,271
16233,310,264,276
16234,310,276,285
16235,310,286,293
16236,312,295,297
16237,310,294,292
16238,310,294,288
16239,310,285,282
16240,310,278,280
16241,310,274,280
16242,310,276,284
16243,310,284,290
16244,310,290,294
16245,310,292,292
16246,310,288,288
16247,311,284,284
16248,310,276,282
16249,310,271,282
16250,310,274,286
16251,310,286,292
16252,310,295,297
16253,310,296,296
16254,310,288,288
16255,310,278,280
16256,310,270,276
16257,310,273,277
16258,310,280,282
16259,310,295,294
16260,311,300,296
16261,310,296,295
16262,310,280,285
16263,310,270,276
16264,310,265,269
16265,310,276,276
16266,310,289,284
16267,310,298,298
16268,310,300,301
16269,310,290,294
16270,310,276,276
16271,311,265,268
16272,310,264,264
16273,310,272,278
16274,310,290,292
16275,310,301,304
16276,310,300,303
16277,310,288,292
16278,310,276,276
16279,310,264,268
16280,310,263,271
16281,310,270,281
16282,310,288,294
16283,310,301,300
16284,310,302,298
16285,310,287,286
16286,310,276,276
16287,310,264,271
16288,310,268,276
16289,310,276,284
16290,310,288,296
16291,310,294,297
16292,310,294,292
16293,310,284,282
16294,310,276,276
16295,310,271,274
16296,310,276,279
16297,310,284,284
16298,310,290,292
16299,310,292,290
16300,310,288,284
16301,310,284,278
16302,310,279,276
16303,310,276,277
16304,310,278,282
16305,310,288,286
16306,310,292,290
16307,310,292,288
16308,310,286,282
16309,310,280,278
16310,310,277,276
16311,310,280,279
16312,310,284,281
16313,310,292,289
16314,310,294,292
16315,310,292,290
16316,310,280,284
16317,310,276,280
16318,310,274,277
16319,310,280,279
16320,311,287,284
16321,310,292,288
16322,310,292,292
16323,310,289,292
16324,310,282,284
16325,310,277,279
16326,310,278,271
16327,310,284,268
16328,310,292,268
16329,310,297,278
16330,310,296,286
16331,312,292,295
16332,310,286,290
16333,310,279,280
16334,310,273,264
16335,310,274,260
16336,310,286,266
16337,310,300,284
16338,310,305,296
16339,310,298,300
16340,310,286,290
16341,310,270,276
16342,310,264,264
16343,309,268,264
16344,310,285,277
16345,310,301,292
16346,310,308,300
16347,310,300,296
16348,310,286,286
16349,310,266,271
16350,310,266,268
16351,310,271,272
16352,310,284,287
16353,310,293,295
16354,310,300,295
16355,310,294,285
16356,310,286,276
16357,310,277,269
16358,310,276,274
16359,310,284,280
16360,310,288,286
16361,310,285,286
16362,310,284,284
16363,310,286,276
16364,309,292,271
16365,310,294,272
16366,310,293,277
16367,310,288,286
16368,310,286,290
16369,310,284,286
16370,310,285,276
16371,310,286,268
16372,310,287,266
16373,310,286,274
16374,310,286,282
16375,310,290,294
16376,310,292,295
16377,310,292,288
16378,310,286,272
16379,310,282,265
16380,311,280,264
16381,310,282,278
16382,310,282,292
16383,310,284,306
16384,310,284,305
16385,310,278,294
16386,310,274,280
16387,310,272,274
16388,310,278,277
16389,310,289,289
16390,310,308,300
16391,311,308,302
16392,310,296,296
16393,310,274,282
16394,310,263,272
16395,310,266,271
16396,310,284,282
16397,310,298,290
16398,310,310,302
16399,310,308,294
16400,310,295,284
16401,310,280,271
16402,310,276,268
16403,310,279,274
16404,310,284,284
16405,310,289,290
16406,310,292,288
16407,310,292,284
16408,310,293,280
16409,310,292,280
16410,310,286,282
16411,310,282,286
16412,310,281,287
16413,310,284,286
16414,310,287,282
16415,310,288,280
16416,310,290,284
16417,310,288,288
16418,310,281,292
16419,310,274,293
16420,310,274,292
16421,310,284,288
16422,310,294,286
16423,310,300,288
16424,310,290,288
16425,310,282,290
16426,310,272,288
16427,310,272,286
16428,310,276,286
16429,310,286,288
16430,310,292,290
16431,310,292,292
16432,310,284,294
16433,310,278,290
16434,310,272,282
16435,310,276,277
16436,310,278,278
16437,310,284,286
16438,310,288,294
16439,310,294,296
16440,311,288,289
16441,310,279,282
16442,310,269,271
16443,310,268,274
16444,310,284,284
16445,310,296,298
16446,310,300,302
16447,310,294,297
16448,310,286,282
16449,310,276,270
16450,310,274,268
16451,311,276,276
16452,310,284,292
16453,310,292,304
16454,310,294,304
16455,310,287,297
16456,310,282,286
16457,310,278,276
16458,310,280,274
16459,310,282,278
16460,310,284,292
16461,310,282,300
16462,310,281,300
16463,310,281,292
16464,310,281,284
16465,310,284,280
16466,310,286,281
16467,310,284,286
16468,310,281,294
16469,310,279,296
16470,310,280,292
16471,310,284,284
16472,310,284,277
16473,310,282,276
16474,310,284,282
16475,310,287,288
16476,310,288,294
16477,310,284,293
16478,310,276,286
16479,310,271,284
16480,310,276,284
16481,310,284,284
16482,310,292,284
16483,310,298,284
16484,310,295,282
16485,310,286,282
16486,310,274,278
16487,310,269,278
16488,310,271,284
16489,310,280,293
16490,310,288,296
16491,310,292,290
16492,310,290,282
16493,310,285,274
16494,310,280,273
16495,310,276,278
16496,310,276,289
16497,310,276,294
16498,310,280,294
16499,310,284,288
16500,311,285,282
16501,310,285,279
16502,310,284,281
16503,310,281,284
16504,310,276,289
16505,310,273,290
16506,310,274,286
16507,310,281,282
16508,310,287,280
16509,310,290,280
16510,310,289,285
16511,311,284,287
16512,310,276,286
16513,310,270,284
16514,310,272,282
16515,310,278,281
16516,310,288,282
16517,310,292,282
16518,310,290,282
16519,310,284,284
16520,310,282,282
16521,310,279,280
16522,310,276,282
16523,310,277,284
16524,310,284,286
16525,310,290,288
16526,310,292,286
16527,310,288,281
16528,310,284,280
16529,310,282,280
16530,310,284,282
16531,310,284,286
16532,310,286,290
16533,310,285,288
16534,310,284,284
16535,310,284,280
16536,310,284,278
16537,310,286,284
16538,310,290,289
16539,310,290,290
16540,310,288,284
16541,309,286,277
16542,310,284,270
16543,309,284,269
16544,310,284,273
16545,310,284,286
16546,310,284,294
16547,310,288,294
16548,310,288,284
16549,310,284,274
16550,310,279,268
16551,310,279,270
16552,310,284,278
16553,310,292,290
16554,310,294,293
16555,310,287,292
16556,310,280,282
16557,310,274,274
16558,310,276,270
16559,310,282,276
16560,311,294,285
16561,310,297,295
16562,310,292,296
16563,310,284,285
16564,310,278,276
16565,310,277,271
16566,310,280,276
16567,310,284,281
16568,310,288,290
16569,310,292,292
16570,310,290,290
16571,311,286,280
16572,310,284,274
16573,310,280,273
16574,310,282,278
16575,310,284,280
16576,310,287,284
16577,310,290,284
16578,310,294,282
16579,310,292,282
16580,310,288,282
16581,310,284,278
16582,310,284,276
16583,310,287,276
16584,310,292,278
16585,310,292,280
16586,310,292,284
16587,310,290,285
16588,310,286,286
16589,310,286,282
16590,310,288,276
16591,310,292,272
16592,310,292,274
16593,310,290,276
16594,310,284,284
16595,310,280,290
16596,310,282,290
16597,310,285,285
16598,310,288,280
16599,310,292,276
16600,310,289,278
16601,310,282,286
16602,310,272,298
16603,310,268,300
16604,310,274,294
16605,310,284,282
16606,310,292,276
16607,310,292,278
16608,310,289,284
16609,310,288,290
16610,310,289,294
16611,310,287,294
16612,310,279,285
16613,310,276,278
16614,310,276,274
16615,310,282,279
16616,310,288,285
16617,310,300,292
16618,310,306,290
16619,310,304,284
16620,311,292,276
16621,310,280,271
16622,310,268,274
16623,310,270,280
16624,310,279,286
16625,310,294,294
16626,310,301,293
16627,310,303,286
16628,310,297,278
16629,310,290,276
16630,310,280,278
16631,311,276,284
16632,310,274,286
16633,310,276,290
16634,310,279,292
16635,310,290,292
16636,310,298,289
16637,310,300,288
16638,310,290,284
16639,310,278,280
16640,310,268,282
16641,310,273,289
16642,310,281,294
16643,310,289,300
16644,310,290,296
16645,310,284,290
16646,310,276,282
16647,310,276,278
16648,310,288,280
16649,310,296,289
16650,310,304,295
16651,310,290,294
16652,310,272,290
16653,310,255,279
16654,310,262,273
16655,310,284,276
16656,310,306,288
16657,310,310,294
16658,310,294,296
16659,310,276,288
16660,310,262,280
16661,310,263,274
16662,310,274,276
16663,310,298,284
16664,310,308,294
16665,310,303,298
16666,310,286,292
16667,310,274,284
16668,310,268,278
16669,310,272,276
16670,310,280,279
16671,310,295,290
16672,310,303,298
16673,310,303,298
16674,310,292,292
16675,310,281,284
16676,310,265,276
16677,310,265,277
16678,310,272,284
16679,310,288,294
16680,311,298,296
16681,310,306,292
16682,310,297,284
16683,310,282,282
16684,310,264,278
16685,310,261,278
16686,310,276,284
16687,310,292,294
16688,310,296,296
16689,310,292,286
16690,310,280,272
16691,311,269,266
16692,310,266,271
16693,310,272,284
16694,310,290,298
16695,310,300,304
16696,310,298,302
16697,310,278,284
16698,310,269,270
16699,309,268,262
16700,310,279,268
16701,310,287,279
16702,310,292,296
16703,310,290,301
16704,310,287,297
16705,310,282,284
16706,310,278,278
16707,310,276,276
16708,310,278,280
16709,310,281,285
16710,310,284,293
16711,310,284,294
16712,310,286,289
16713,310,288,280
16714,310,286,276
16715,310,280,276
16716,310,278,282
16717,310,279,288
16718,310,284,292
16719,310,284,292
16720,310,284,288
16721,310,282,282
16722,310,284,278
16723,310,288,278
16724,310,288,278
16725,310,286,284
16726,310,285,286
16727,310,282,285
16728,310,278,284
16729,310,276,284
16730,310,281,284
16731,310,288,284
16732,310,292,284
16733,310,286,280
16734,310,282,280
16735,310,276,280
16736,310,278,282
16737,310,280,284
16738,310,286,286
16739,310,287,286
16740,311,286,284
16741,310,281,280
16742,310,276,279
16743,310,277,284
16744,310,284,288
16745,310,288,288
16746,310,287,287
16747,310,284,284
16748,310,282,280
16749,310,282,278
16750,310,282,280
16751,311,284,285
16752,310,284,292
16753,310,288,294
16754,310,288,289
16755,310,284,284
16756,310,281,276
16757,310,282,274
16758,310,285,276
16759,310,288,281
16760,310,288,284
16761,310,288,286
16762,310,290,286
16763,310,287,282
16764,310,281,276
16765,310,278,276
16766,310,279,276
16767,310,284,280
16768,310,288,284
16769,310,293,286
16770,310,292,286
16771,310,292,284
16772,310,284,276
16773,310,278,274
16774,310,277,276
16775,310,284,280
16776,310,290,284
16777,310,294,289
16778,310,292,289
16779,310,284,287
16780,310,282,282
16781,310,279,279
16782,310,278,278
16783,310,280,280
16784,310,288,282
16785,310,294,285
16786,310,296,287
16787,310,292,286
16788,310,284,284
16789,310,276,282
16790,310,274,280
16791,310,274,279
16792,310,285,280
16793,310,295,284
16794,310,300,284
16795,310,294,286
16796,310,288,284
16797,310,278,280
16798,310,279,276
16799,310,284,274
16800,311,286,276
16801,310,288,282
16802,310,289,286
16803,310,288,289
16804,310,287,288
16805,310,292,282
16806,310,293,276
16807,310,295,272
16808,310,290,272
16809,310,284,274
16810,310,280,284
16811,311,282,290
16812,310,282,293
16813,310,282,290
16814,310,284,285
16815,310,284,280
16816,310,288,280
16817,310,289,284
16818,310,288,290
16819,310,288,292
16820,310,284,288
16821,310,276,284
16822,310,271,282
16823,310,276,284
16824,310,284,289
16825,310,296,294
16826,310,300,294
16827,310,293,289
16828,310,281,282
16829,310,276,276
16830,310,276,276
16831,310,281,280
16832,310,286,286
16833,310,290,292
16834,310,292,292
16835,310,290,288
16836,310,287,280
16837,310,284,278
16838,310,284,278
16839,310,284,280
16840,310,285,282
16841,310,294,284
16842,310,298,284
16843,310,297,286
16844,310,286,289
16845,310,279,288
16846,310,274,284
16847,310,282,279
16848,310,292,278
16849,310,298,282
16850,310,298,289
16851,310,294,294
16852,310,287,296
16853,310,279,294
16854,310,271,286
16855,310,268,280
16856,310,279,278
16857,310,290,282
16858,310,294,290
16859,310,294,302
16860,311,290,302
16861,310,279,294
16862,310,270,280
16863,310,269,276
16864,310,276,278
16865,310,289,286
16866,310,297,294
16867,310,294,301
16868,310,288,298
16869,310,276,286
16870,310,270,274
16871,311,273,270
16872,310,285,278
16873,310,292,290
16874,310,301,296
16875,310,294,294
16876,310,284,289
16877,310,270,279
16878,310,270,276
16879,310,277,278
16880,310,288,285
16881,310,294,290
16882,310,295,293
16883,310,292,290
16884,310,286,284
16885,310,276,278
16886,310,274,282
16887,310,280,288
16888,310,289,292
16889,310,295,292
16890,310,295,286
16891,310,290,282
16892,310,282,278
16893,310,278,279
16894,310,276,282
16895,310,282,290
16896,310,288,294
16897,310,292,294
16898,310,287,288
16899,310,282,282
16900,310,274,278
16901,310,274,281
16902,310,276,284
16903,310,279,290
16904,310,284,292
16905,310,289,290
16906,310,286,285
16907,310,280,282
16908,310,274,280
16909,310,271,282
16910,310,274,286
16911,310,281,290
16912,310,284,290
16913,310,287,288
16914,310,287,284
16915,310,284,280
16916,310,278,279
16917,310,276,282
16918,310,277,286
16919,310,282,288
16920,312,287,288
16921,310,288,284
16922,310,286,284
16923,310,286,282
16924,310,284,282
16925,310,279,282
16926,310,280,284
16927,310,284,286
16928,310,288,286
16929,310,288,284
16930,310,286,282
16931,312,282,282
16932,310,282,282
16933,310,282,284
16934,310,284,285
16935,310,284,286
16936,310,285,286
16937,310,285,285
16938,310,284,284
16939,310,281,280
16940,310,280,282
16941,310,284,282
16942,310,285,285
16943,310,284,286
16944,310,284,284
16945,310,284,284
16946,310,282,282
16947,310,282,282
16948,310,280,280
16949,310,281,282
16950,310,284,284
16951,310,284,286
16952,310,282,286
16953,310,281,284
16954,310,281,281
16955,310,281,278
16956,310,281,278
16957,310,282,279
16958,310,282,284
16959,310,288,288
16960,310,287,288
16961,310,284,288
16962,310,279,282
16963,310,279,278
16964,310,282,276
16965,310,286,280
16966,310,287,284
16967,310,288,286
16968,310,290,284
16969,310,289,281
16970,310,286,276
16971,310,285,274
16972,310,288,274
16973,310,290,277
16974,310,290,280
16975,310,288,284
16976,310,286,284
16977,310,286,282
16978,310,284,279
16979,310,280,279
16980,312,284,279
16981,310,290,278
16982,310,295,278
16983,310,293,280
16984,310,286,282
16985,310,276,284
16986,310,276,284
16987,310,279,282
16988,310,284,282
16989,310,287,284
16990,310,292,284
16991,312,292,284
16992,310,286,284
16993,310,280,284
16994,310,276,282
16995,310,279,280
16996,310,284,278
16997,310,284,278
16998,310,288,282
16999,310,290,284
17000,310,290,286
17001,310,286,286
17002,310,284,284
17003,310,280,278
17004,310,281,274
17005,309,282,274
17006,309,284,279
17007,309,288,284
17008,309,294,286
17009,309,295,284
17010,309,290,279
17011,309,282,276
17012,309,278,278
17013,310,281,281
17014,310,288,285
17015,309,290,285
17016,309,292,286
17017,309,292,284
17018,309,288,282
17019,309,284,279
17020,309,285,278
17021,309,286,279
17022,310,287,282
17023,310,286,284
17024,310,284,284
17025,310,284,288
17026,310,287,288
17027,310,289,288
17028,310,288,288
17029,310,288,284
17030,310,288,282
17031,310,286,282
17032,310,284,285
17033,310,282,286
17034,310,285,289
17035,310,288,288
17036,310,288,287
17037,310,286,284
17038,310,284,282
17039,310,286,282
17040,312,290,286
17041,310,292,288
17042,310,287,286
17043,310,284,284
17044,310,276,282
17045,310,274,280
17046,310,278,280
17047,310,294,282
17048,310,303,284
17049,310,302,286
17050,310,287,286
17051,312,276,284
17052,310,270,282
17053,310,278,282
17054,310,288,284
17055,310,294,288
17056,310,296,288
17057,310,292,286
17058,310,287,284
17059,310,282,284
17060,310,278,286
17061,310,278,288
17062,310,284,287
17063,310,288,286
17064,310,290,285
17065,310,290,286
17066,310,290,286
17067,310,284,288
17068,310,278,290
17069,310,274,289
17070,310,276,288
17071,310,284,286
17072,310,289,285
17073,310,292,286
17074,310,292,288
17075,310,286,290
17076,310,276,288
17077,310,270,286
17078,310,272,282
17079,310,278,284
17080,310,295,286
17081,310,298,292
17082,310,292,293
17083,310,278,292
17084,310,273,284
17085,310,274,279
17086,310,278,278
17087,310,282,280
17088,310,290,286
17089,310,294,292
17090,310,294,290
17091,310,284,286
17092,310,279,284
17093,310,276,281
17094,310,278,284
17095,310,280,286
17096,310,286,290
17097,310,290,290
17098,310,294,290
17099,310,290,286
17100,312,282,282
17101,310,272,280
17102,310,271,281
17103,310,276,286
17104,310,286,296
17105,310,292,300
17106,310,292,298
17107,310,286,290
17108,310,276,284
17109,310,266,277
17110,310,268,280
17111,312,286,286
17112,310,300,292
17113,310,302,294
17114,310,295,292
17115,310,285,284
17116,310,274,278
17117,310,270,276
17118,310,271,279
17119,310,284,288
17120,310,295,292
17121,310,300,292
17122,310,293,286
17123,310,284,280
17124,310,273,276
17125,310,270,276
17126,310,273,279
17127,310,280,286
17128,310,286,292
17129,310,292,290
17130,310,290,286
17131,310,284,284
17132,310,274,280
17133,310,271,280
17134,310,273,282
17135,310,281,288
17136,310,286,289
17137,310,290,292
17138,310,289,288
17139,310,284,284
17140,310,274,278
17141,310,272,278
17142,310,278,281
17143,310,285,289
17144,310,288,294
17145,310,284,294
17146,310,280,290
17147,310,279,282
17148,310,279,276
17149,310,280,276
17150,310,282,280
17151,310,284,286
17152,310,286,288
17153,310,285,288
17154,310,282,286
17155,310,278,284
17156,310,279,280
17157,310,280,279
17158,310,282,282
17159,310,285,284
17160,312,290,284
17161,310,290,282
17162,310,287,280
17163,310,282,278
17164,310,280,280
17165,310,280,284
17166,310,283,286
17167,310,284,286
17168,310,287,288
17169,310,290,284
17170,310,287,282
17171,311,284,282
17172,310,280,282
17173,310,278,284
17174,310,282,284
17175,310,284,284
17176,310,284,286
17177,310,285,288
17178,310,286,290
17179,310,286,288
17180,310,284,286
17181,310,278,282
17182,310,276,280
17183,310,281,276
17184,310,292,273
17185,310,296,274
17186,310,300,278
17187,310,296,282
17188,310,287,284
17189,309,277,283
17190,310,272,278
17191,310,272,274
17192,310,281,274
17193,310,289,276
17194,310,298,280
17195,310,302,286
17196,310,301,288
17197,310,290,286
17198,310,277,282
17199,310,265,273
17200,310,263,272
17201,310,274,276
17202,310,290,286
17203,310,298,290
17204,310,301,293
17205,310,297,287
17206,310,288,280
17207,310,277,274
17208,310,271,278
17209,310,268,284
17210,310,274,288
17211,310,282,286
17212,310,292,278
17213,310,295,277
17214,309,298,280
17215,310,294,284
17216,310,290,287
17217,310,282,284
17218,310,276,278
17219,310,271,274
17220,311,274,271
17221,310,281,272
17222,310,300,281
17223,310,309,288
17224,310,308,289
17225,310,290,282
17226,310,278,274
17227,310,268,268
17228,310,272,270
17229,310,282,276
17230,310,295,286
17231,311,300,294
17232,310,300,294
17233,310,292,284
17234,309,280,276
17235,309,271,268
17236,309,271,271
17237,310,279,278
17238,310,290,289
17239,310,294,292
17240,310,292,292
17241,310,285,288
17242,310,276,284
17243,310,271,284
17244,310,276,286
17245,310,288,290
17246,310,298,292
17247,310,301,292
17248,310,294,285
17249,309,286,282
17250,310,278,282
17251,310,276,286
17252,310,278,289
17253,310,288,292
17254,310,295,288
17255,310,300,284
17256,310,296,279
17257,310,292,278
17258,310,286,284
17259,310,284,288
17260,310,278,286
17261,310,274,282
17262,310,276,277
17263,310,289,274
17264,310,300,280
17265,310,302,286
17266,310,294,292
17267,310,284,288
17268,310,273,284
17269,310,272,280
17270,310,276,281
17271,310,292,284
17272,310,300,284
17273,310,300,286
17274,310,286,288
17275,310,276,286
17276,310,268,284
17277,310,276,286
17278,310,284,290
17279,310,292,296
17280,311,295,294
17281,310,294,290
17282,310,286,284
17283,310,278,284
17284,310,272,282
17285,310,271,284
17286,310,278,288
17287,310,286,294
17288,310,289,296
17289,310,293,298
17290,310,292,290
17291,311,285,282
17292,310,273,276
17293,310,269,278
17294,310,274,284
17295,310,290,292
17296,310,302,296
17297,310,302,294
17298,310,296,288
17299,310,282,278
17300,310,270,270
17301,310,266,271
17302,310,274,284
17303,310,284,297
17304,310,297,302
17305,310,300,296
17306,310,294,286
17307,310,284,274
17308,310,276,271
17309,309,269,276
17310,310,270,288
17311,310,274,295
17312,310,287,298
17313,310,294,294
17314,310,295,289
17315,310,284,279
17316,310,278,278
17317,310,271,282
17318,310,273,290
17319,310,278,295
17320,310,287,298
17321,310,292,294
17322,310,289,290
17323,310,279,284
17324,310,272,282
17325,310,272,284
17326,310,281,289
17327,310,290,294
17328,310,292,295
17329,310,290,290
17330,310,282,282
17331,310,278,276
17332,310,277,278
17333,310,282,284
17334,310,288,288
17335,310,294,288
17336,310,293,286
17337,310,288,284
17338,310,284,281
17339,310,284,280
17340,312,284,281
17341,310,284,284
17342,310,282,282
17343,310,284,282
17344,310,288,281
17345,310,290,281
17346,310,286,284
17347,310,284,287
17348,310,278,288
17349,310,272,288
17350,310,269,287
17351,311,276,284
17352,310,284,282
17353,310,296,280
17354,310,295,280
17355,310,284,284
17356,310,270,286
17357,310,265,287
17358,310,266,289
17359,310,274,292
17360,310,280,292
17361,309,290,288
17362,310,295,281
17363,310,292,278
17364,310,278,278
17365,310,271,284
17366,310,268,288
17367,310,272,290
17368,310,279,288
17369,310,290,282
17370,310,293,280
17371,310,294,282
17372,310,285,282
17373,310,276,282
17374,309,271,282
17375,310,274,282
17376,310,282,282
17377,310,292,280
17378,310,294,279
17379,310,293,282
17380,310,288,285
17381,310,280,284
17382,310,274,282
17383,310,276,281
17384,310,284,281
17385,310,292,284
17386,310,294,286
17387,310,293,286
17388,310,288,286
17389,310,279,284
17390,310,276,280
17391,310,276,278
17392,310,284,282
17393,310,290,288
17394,310,294,292
17395,310,288,292
17396,310,284,286
17397,310,276,276
17398,310,278,270
17399,309,282,270
17400,311,288,277
17401,310,293,286
17402,310,295,292
17403,310,288,290
17404,310,278,284
17405,310,270,274
17406,310,270,268
17407,310,282,271
17408,310,294,284
17409,310,298,290
17410,310,298,296
17411,311,292,286
17412,310,279,276
17413,309,270,266
17414,310,270,268
17415,310,280,277
17416,310,293,292
17417,310,300,300
17418,310,294,296
17419,310,290,286
17420,309,280,274
17421,310,276,268
17422,310,276,270
17423,310,284,282
17424,310,290,290
17425,310,296,292
17426,310,293,288
17427,310,286,280
17428,310,279,276
17429,310,282,274
17430,310,284,278
17431,310,288,287
17432,310,289,290
17433,310,289,288
17434,310,288,278
17435,309,288,273
17436,309,286,270
17437,310,286,276
17438,310,290,284
17439,310,292,287
17440,310,290,286
17441,310,290,282
17442,310,289,276
17443,309,286,274
17444,310,282,276
17445,310,279,278
17446,310,284,285
17447,309,295,284
17448,310,300,280
17449,310,294,276
17450,310,287,276
17451,310,276,280
17452,310,276,284
17453,310,280,286
17454,309,288,287
17455,310,292,286
17456,310,290,284
17457,310,282,281
17458,310,276,282
17459,310,278,288
17460,311,286,292
17461,310,292,292
17462,310,290,286
17463,310,284,282
17464,310,274,282
17465,310,276,286
17466,310,280,290
17467,310,288,292
17468,310,292,292
17469,310,292,286
17470,310,286,278
17471,311,281,276
17472,310,282,280
17473,310,285,288
17474,310,294,292
17475,310,293,288
17476,310,288,284
17477,309,284,274
17478,309,286,272
17479,310,288,276
17480,310,288,286
17481,310,286,290
17482,310,284,290
17483,310,288,284
17484,310,290,280
17485,310,292,278
17486,310,292,280
17487,310,287,284
17488,310,282,288
17489,310,278,288
17490,310,278,286
17491,310,282,287
17492,310,290,290
17493,310,292,290
17494,310,287,289
17495,310,284,288
17496,310,282,288
17497,310,282,286
17498,310,279,289
17499,310,279,290
17500,310,282,286
17501,310,284,284
17502,310,284,286
17503,310,284,292
17504,310,287,294
17505,310,290,292
17506,310,286,288
17507,310,277,286
17508,310,268,282
17509,309,268,281
17510,310,284,284
17511,310,300,290
17512,310,305,292
17513,310,298,289
17514,310,286,280
17515,309,272,274
17516,310,266,276
17517,310,271,284
17518,310,287,292
17519,310,300,296
17520,311,302,293
17521,310,292,284
17522,310,284,278
17523,310,272,272
17524,310,272,276
17525,310,278,282
17526,309,294,294
17527,310,302,297
17528,309,300,295
17529,310,284,285
17530,310,270,276
17531,311,264,273
17532,310,274,282
17533,310,287,292
17534,310,297,304
17535,310,298,303
17536,310,292,294
17537,310,281,279
17538,310,271,271
17539,310,263,269
17540,310,266,281
17541,310,286,293
17542,310,300,300
17543,310,302,298
17544,310,290,288
17545,310,276,278
17546,310,261,272
17547,310,261,276
17548,310,268,284
17549,310,286,295
17550,310,300,296
17551,310,303,290
17552,310,292,280
17553,310,280,274
17554,310,265,270
17555,310,264,276
17556,310,271,284
17557,310,287,293
17558,310,294,296
17559,310,300,294
17560,310,290,284
17561,310,279,278
17562,310,270,274
17563,310,272,278
17564,310,279,284
17565,310,286,288
17566,310,289,290
17567,310,290,294
17568,310,289,288
17569,310,284,282
17570,310,274,277
17571,310,272,280
17572,310,278,285
17573,310,287,290
17574,310,293,292
17575,310,293,290
17576,310,287,284
17577,310,278,278
17578,309,274,274
17579,310,272,276
17580,310,280,284
17581,310,290,294
17582,310,295,296
17583,310,292,292
17584,310,284,282
17585,310,273,272
17586,310,273,271
17587,310,277,276
17588,310,285,285
17589,310,290,292
17590,310,292,294
17591,310,288,286
17592,310,281,280
17593,310,276,272
17594,310,274,276
17595,310,279,280
17596,310,285,287
17597,310,286,290
17598,310,288,290
17599,310,288,286
17600,310,284,282
17601,310,278,279
17602,310,276,280
17603,310,278,284
17604,310,282,286
17605,310,286,288
17606,310,289,284
17607,310,290,284
17608,310,290,281
17609,310,285,282
17610,310,280,284
17611,310,277,286
17612,310,279,286
17613,310,286,286
17614,310,290,284
17615,310,289,281
17616,310,288,282
17617,310,288,282
17618,310,288,282
17619,310,286,281
17620,310,284,279
17621,310,284,278
17622,310,284,279
17623,310,284,280
17624,310,286,282
17625,310,288,284
17626,310,290,284
17627,310,288,279
17628,310,285,278
17629,310,284,276
17630,310,284,279
17631,310,286,282
17632,310,288,284
17633,310,286,284
17634,310,284,281
17635,310,284,280
17636,310,284,280
17637,310,284,284
17638,310,288,288
17639,310,292,288
17640,310,288,284
17641,310,284,280
17642,310,278,276
17643,310,279,278
17644,310,288,282
17645,310,293,286
17646,310,292,289
17647,308,288,288
17648,310,284,284
17649,310,279,282
17650,310,278,278
17651,310,278,276
17652,310,284,282
17653,310,292,288
17654,308,294,288
17655,310,290,286
17656,308,288,280
17657,308,284,276
17658,310,284,272
17659,310,286,274
17660,308,289,280
17661,310,290,286
17662,310,293,290
17663,310,292,286
17664,310,290,282
17665,310,287,276
17666,310,286,272
17667,310,284,274
17668,310,284,282
17669,310,284,286
17670,310,285,292
17671,310,288,290
17672,310,286,288
17673,310,280,284
17674,310,280,282
17675,310,284,284
17676,310,286,288
17677,310,286,292
17678,310,284,292
17679,310,280,286
17680,310,282,282
17681,310,282,280
17682,310,282,284
17683,310,286,290
17684,310,288,292
17685,310,286,292
17686,310,284,288
17687,310,284,284
17688,310,286,280
17689,310,288,280
17690,310,286,280
17691,310,284,282
17692,310,284,284
17693,310,288,284
17694,310,288,286
17695,310,286,288
17696,310,284,284
17697,310,284,280
17698,310,286,278
17699,310,292,280
17700,310,293,282
17701,310,292,285
17702,310,288,286
17703,310,281,286
17704,310,274,285
17705,310,276,284
17706,310,286,284
17707,310,294,287
17708,310,295,289
17709,310,288,288
17710,310,284,288
17711,310,284,288
17712,310,284,288
17713,310,281,288
17714,310,279,286
17715,310,279,284
17716,310,281,284
17717,310,284,289
17718,310,285,292
17719,310,287,296
17720,310,286,292
17721,310,280,286
17722,310,271,284
17723,309,268,286
17724,310,273,286
17725,310,288,288
17726,310,300,290
17727,310,300,288
17728,310,293,286
17729,310,279,282
17730,310,271,280
17731,310,270,280
17732,310,280,284
17733,310,290,288
17734,310,295,290
17735,310,292,286
17736,310,288,282
17737,310,284,281
17738,310,284,284
17739,310,282,286
17740,310,278,286
17741,310,279,286
17742,310,287,284
17743,310,294,284
17744,310,296,284
17745,310,292,284
17746,310,288,288
17747,310,282,289
17748,310,279,288
17749,310,278,286
17750,310,281,282
17751,310,286,284
17752,310,292,286
17753,310,290,290
17754,310,285,290
17755,310,278,290
17756,310,278,288
17757,310,277,286
17758,310,277,282
17759,310,279,281
17760,310,284,282
17761,310,286,288
17762,310,285,292
17763,310,280,290
17764,310,276,284
17765,310,274,280
17766,310,276,279
17767,310,278,283
17768,310,284,290
17769,310,290,292
17770,310,288,288
17771,310,279,280
17772,310,273,276
17773,310,270,276
17774,310,277,282
17775,310,285,288
17776,310,292,294
17777,310,294,292
17778,310,289,284
17779,310,278,276
17780,310,271,274
17781,310,272,278
17782,310,277,288
17783,310,292,296
17784,310,298,298
17785,310,294,292
17786,310,286,276
17787,310,284,266
17788,310,278,268
17789,310,276,284
17790,310,276,296
17791,310,282,304
17792,310,292,296
17793,310,294,284
17794,310,290,268
17795,310,284,266
17796,310,278,274
17797,310,277,288
17798,310,278,296
17799,310,284,296
17800,310,286,288
17801,310,287,280
17802,310,284,274
17803,310,278,273
17804,310,277,278
17805,310,284,285
17806,310,288,288
17807,310,288,290
17808,310,284,286
17809,310,282,280
17810,310,282,276
17811,310,281,276
17812,310,280,279
17813,310,280,286
17814,310,286,288
17815,310,289,288
17816,310,288,286
17817,310,285,284
17818,310,282,280
17819,309,281,279
17820,311,280,279
17821,310,282,280
17822,310,285,286
17823,310,290,288
17824,310,290,288
17825,310,286,284
17826,310,284,279
17827,310,284,273
17828,310,286,270
17829,310,290,271
17830,310,292,278
17831,310,294,286
17832,310,294,290
17833,310,286,286
17834,310,279,282
17835,310,276,272
17836,310,278,271
17837,310,288,276
17838,310,297,284
17839,310,300,288
17840,310,292,289
17841,310,285,280
17842,310,278,274
17843,310,276,270
17844,310,278,274
17845,310,285,284
17846,310,290,294
17847,310,292,296
17848,310,286,288
17849,310,282,280
17850,310,278,274
17851,310,278,273
17852,310,280,276
17853,310,287,284
17854,310,292,288
17855,310,292,290
17856,310,284,285
17857,310,279,279
17858,310,276,276
17859,310,281,277
17860,310,284,280
17861,310,286,286
17862,310,286,288
17863,310,290,284
17864,310,292,276
17865,310,290,272
17866,310,287,274
17867,310,284,280
17868,310,284,285
17869,310,284,288
17870,310,285,288
17871,310,289,284
17872,310,292,278
17873,310,292,276
17874,310,287,280
17875,310,285,282
17876,310,286,284
17877,310,290,285
17878,310,287,284
17879,310,280,280
17880,310,278,278
17881,310,280,279
17882,310,287,286
17883,310,292,290
17884,310,295,292
17885,310,295,288
17886,310,294,284
17887,310,282,282
17888,310,272,284
17889,310,270,288
17890,310,281,288
17891,310,294,286
17892,310,300,284
17893,311,298,284
17894,310,288,286
17895,311,284,286
17896,310,282,286
17897,310,280,285
17898,310,280,284
17899,310,282,284
17900,310,284,282
17901,310,285,282
17902,310,289,284
17903,310,292,287
17904,310,292,288
17905,310,288,284
17906,312,282,280
17907,310,277,278
17908,310,279,280
17909,310,282,282
17910,310,286,287
17911,310,290,290
17912,310,292,292
17913,310,292,288
17914,310,290,282
17915,310,287,277
17916,310,288,279
17917,310,288,282
17918,310,285,288
17919,310,280,290
17920,310,279,292
17921,310,284,290
17922,310,292,290
17923,310,294,290
17924,310,290,288
17925,310,280,284
17926,310,274,282
17927,310,273,284
17928,310,280,290
17929,310,288,290
17930,310,298,289
17931,310,295,288
17932,310,284,286
17933,310,269,286
17934,310,266,286
17935,310,273,286
17936,310,284,288
17937,310,290,290
17938,310,292,292
17939,310,288,290
17940,310,279,286
17941,310,276,284
17942,310,278,284
17943,310,284,284
17944,310,288,282
17945,310,286,282
17946,310,284,286
17947,310,284,290
17948,310,288,290
17949,310,290,290
17950,310,287,290
17951,310,280,282
17952,310,276,276
17953,310,279,274
17954,310,284,282
17955,311,290,288
17956,310,295,296
17957,310,295,294
17958,310,286,288
17959,310,274,280
17960,310,268,276
17961,310,269,281
17962,310,282,292
17963,310,292,298
17964,310,294,302
17965,310,292,296
17966,313,286,285
17967,310,279,278
17968,310,274,278
17969,310,273,284
17970,310,276,290
17971,310,288,294
17972,310,296,296
17973,310,295,294
17974,310,288,282
17975,310,280,274
17976,310,272,274
17977,310,272,284
17978,310,277,292
17979,310,288,295
17980,310,296,292
17981,310,292,284
17982,310,278,274
17983,310,271,272
17984,310,270,276
17985,310,278,286
17986,310,286,292
17987,310,292,292
17988,310,290,286
17989,310,282,280
17990,310,273,277
17991,310,270,279
17992,310,278,286
17993,310,286,290
17994,310,290,290
17995,310,287,286
17996,310,284,282
17997,310,278,280
17998,310,279,282
17999,310,280,285
18000,310,279,288
18001,310,280,290
18002,310,284,288
18003,310,286,287
18004,310,284,286
18005,310,282,284
18006,310,279,282
18007,310,278,282
18008,310,279,282
18009,310,279,281
18010,310,282,284
18011,310,286,285
18012,310,288,286
18013,310,284,286
18014,310,282,285
18015,311,278,282
18016,310,278,280
18017,310,281,278
18018,310,284,280
18019,310,286,286
18020,310,289,288
18021,310,288,287
18022,310,284,284
18023,310,282,274
18024,310,281,272
18025,310,282,276
18026,311,284,284
18027,310,284,290
18028,310,286,296
18029,310,288,292
18030,310,286,286
18031,310,280,277
18032,310,278,274
18033,310,278,276
18034,310,284,285
18035,310,289,292
18036,310,292,294
18037,310,289,292
18038,310,282,284
18039,310,278,274
18040,310,277,270
18041,310,284,274
18042,310,290,282
18043,310,296,287
18044,310,296,287
18045,310,292,282
18046,310,282,277
18047,310,279,274
18048,310,279,272
18049,310,284,273
18050,310,287,276
18051,310,293,282
18052,310,295,288
18053,310,294,290
18054,310,285,286
18055,310,278,280
18056,310,273,274
18057,310,276,271
18058,310,280,274
18059,310,292,284
18060,310,296,292
18061,310,297,294
18062,310,290,286
18063,310,282,278
18064,310,270,272
18065,310,271,276
18066,310,277,280
18067,310,288,290
18068,310,295,294
18069,310,297,292
18070,310,289,284
18071,310,279,278
18072,310,272,271
18073,310,273,274
18074,310,286,279
18075,311,294,286
18076,310,293,288
18077,310,288,284
18078,310,286,278
18079,310,285,276
18080,310,286,276
18081,310,286,278
18082,310,285,282
18083,310,288,284
18084,310,288,284
18085,310,288,281
18086,311,288,279
18087,310,288,278
18088,310,290,278
18089,310,289,278
18090,310,288,278
18091,310,284,282
18092,310,282,284
18093,310,282,285
18094,309,282,284
18095,310,284,280
18096,310,284,280
18097,310,278,281
18098,310,277,286
18099,310,280,288
18100,310,290,292
18101,310,294,294
18102,310,292,292
18103,310,282,284
18104,310,279,280
18105,310,284,281
18106,310,290,288
18107,310,293,295
18108,310,292,298
18109,310,289,292
18110,310,284,284
18111,310,281,276
18112,310,280,271
18113,310,289,276
18114,310,300,284
18115,310,304,290
18116,310,296,294
18117,310,285,292
18118,310,268,284
18119,310,266,278
18120,310,272,276
18121,310,288,276
18122,310,298,280
18123,310,308,286
18124,310,302,290
18125,310,292,289
18126,310,276,284
18127,310,268,279
18128,310,270,278
18129,310,282,282
18130,310,292,285
18131,310,302,294
18132,310,302,294
18133,310,294,290
18134,310,274,286
18135,311,266,284
18136,310,268,284
18137,310,282,288
18138,310,294,292
18139,310,295,292
18140,310,294,292
18141,310,282,287
18142,310,276,284
18143,310,276,286
18144,310,282,290
18145,310,287,292
18146,311,288,290
18147,310,282,282
18148,310,276,278
18149,310,273,284
18150,310,280,292
18151,310,287,296
18152,310,290,294
18153,310,288,288
18154,310,282,282
18155,310,277,277
18156,310,277,277
18157,310,284,284
18158,310,290,290
18159,310,296,293
18160,310,292,289
18161,310,284,284
18162,310,273,278
18163,310,272,279
18164,310,277,284
18165,310,288,292
18166,310,294,292
18167,310,293,289
18168,310,288,286
18169,310,279,282
18170,310,274,280
18171,310,276,280
18172,310,284,286
18173,310,293,294
18174,310,296,297
18175,310,294,290
18176,310,286,282
18177,310,272,279
18178,310,264,284
18179,310,264,290
18180,310,276,296
18181,310,289,296
18182,310,297,294
18183,310,294,286
18184,310,288,280
18185,310,276,278
18186,310,273,284
18187,310,273,289
18188,310,279,290
18189,310,286,286
18190,310,294,284
18191,310,294,284
18192,310,290,285
18193,310,284,284
18194,310,278,285
18195,311,276,286
18196,310,274,284
18197,310,276,280
18198,310,284,280
18199,310,292,285
18200,310,292,290
18201,310,284,292
18202,310,278,288
18203,310,273,280
18204,310,276,274
18205,310,281,274
18206,312,286,281
18207,310,288,288
18208,310,292,294
18209,310,288,294
18210,310,281,290
18211,310,272,278
18212,310,270,274
18213,310,276,274
18214,310,286,284
18215,310,292,290
18216,310,295,295
18217,310,292,290
18218,310,280,285
18219,310,268,279
18220,310,266,276
18221,310,272,278
18222,310,284,286
18223,310,292,290
18224,310,292,290
18225,310,288,289
18226,310,280,284
18227,310,274,279
18228,310,270,278
18229,310,276,280
18230,310,280,284
18231,310,288,284
18232,310,290,284
18233,310,287,282
18234,310,284,284
18235,310,284,284
18236,310,280,285
18237,310,277,285
18238,310,277,284
18239,310,282,279
18240,310,288,278
18241,310,292,280
18242,310,288,284
18243,310,286,288
18244,310,284,289
18245,310,281,286
18246,310,278,284
18247,310,279,280
18248,310,282,280
18249,310,286,282
18250,310,289,286
18251,310,288,288
18252,310,286,290
18253,310,287,284
18254,310,286,277
18255,310,284,272
18256,310,284,274
18257,310,284,278
18258,310,285,284
18259,310,288,288
18260,310,288,289
18261,310,288,286
18262,310,288,278
18263,310,284,272
18264,310,280,272
18265,310,280,280
18266,311,284,285
18267,310,289,286
18268,310,292,284
18269,310,288,281
18270,310,280,278
18271,310,281,277
18272,310,282,278
18273,310,284,284
18274,310,284,286
18275,310,288,286
18276,310,290,282
18277,310,288,280
18278,310,286,278
18279,310,282,280
18280,310,282,282
18281,310,284,284
18282,310,284,284
18283,310,285,284
18284,310,288,284
18285,310,288,282
18286,310,286,280
18287,310,284,280
18288,310,284,281
18289,310,286,282
18290,310,288,280
18291,310,289,279
18292,310,290,280
18293,310,289,280
18294,310,288,282
18295,310,286,282
18296,310,286,280
18297,310,286,280
18298,310,287,282
18299,310,286,282
18300,310,284,280
18301,310,288,278
18302,310,292,279
18303,310,296,280
18304,310,294,278
18305,310,292,278
18306,310,284,281
18307,310,280,284
18308,310,278,284
18309,310,284,281
18310,310,289,280
18311,310,296,278
18312,310,293,280
18313,310,286,284
18314,310,278,290
18315,310,276,292
18316,310,278,292
18317,310,280,288
18318,310,279,284
18319,310,279,281
18320,310,284,284
18321,310,288,288
18322,310,292,294
18323,310,293,292
18324,310,286,286
18325,310,278,278
18326,310,274,276
18327,310,278,277
18328,310,284,286
18329,310,294,292
18330,310,294,294
18331,310,290,290
18332,310,286,280
18333,310,286,274
18334,310,289,272
18335,310,292,277
18336,310,289,282
18337,310,286,290
18338,310,284,288
18339,310,284,284
18340,310,284,281
18341,310,287,282
18342,310,294,286
18343,310,296,290
18344,310,294,290
18345,310,284,286
18346,310,279,284
18347,310,277,281
18348,310,280,282
18349,310,282,286
18350,310,288,292
18351,310,293,296
18352,310,296,296
18353,310,294,288
18354,310,286,280
18355,310,270,278
18356,310,266,284
18357,310,270,288
18358,310,284,295
18359,310,295,298
18360,310,303,296
18361,310,294,286
18362,310,280,280
18363,310,266,276
18364,309,265,279
18365,310,278,285
18366,310,292,294
18367,310,296,298
18368,310,290,292
18369,310,280,284
18370,310,271,280
18371,310,274,282
18372,310,280,282
18373,310,292,286
18374,310,298,288
18375,310,295,288
18376,310,285,284
18377,310,279,284
18378,310,276,286
18379,310,276,286
18380,310,278,285
18381,310,286,282
18382,310,290,286
18383,310,298,289
18384,310,300,290
18385,310,293,290
18386,310,280,286
18387,310,272,280
18388,310,270,278
18389,310,278,282
18390,310,286,288
18391,310,296,297
18392,310,300,298
18393,310,294,294
18394,310,278,281
18395,310,270,274
18396,310,269,274
18397,310,279,284
18398,310,288,292
18399,310,296,296
18400,310,292,292
18401,310,284,286
18402,310,276,275
18403,310,271,271
18404,310,276,276
18405,310,281,288
18406,310,286,296
18407,310,288,296
18408,310,288,290
18409,310,281,280
18410,310,277,274
18411,310,274,272
18412,310,276,278
18413,310,279,290
18414,310,289,298
18415,310,293,298
18416,310,292,292
18417,310,282,278
18418,310,274,270
18419,310,268,270
18420,310,270,281
18421,310,278,290
18422,310,295,300
18423,310,304,300
18424,310,301,294
18425,310,282,278
18426,310,268,270
18427,310,258,268
18428,310,269,279
18429,310,284,288
18430,310,300,298
18431,310,304,298
18432,310,296,292
18433,310,282,278
18434,310,270,272
18435,310,268,271
18436,310,271,279
18437,310,282,288
18438,310,292,294
18439,310,295,293
18440,310,293,286
18441,310,288,276
18442,310,280,274
18443,310,272,276
18444,310,270,280
18445,310,276,284
18446,311,285,288
18447,310,292,290
18448,310,289,289
18449,310,286,285
18450,310,279,279
18451,310,276,274
18452,309,272,276
18453,310,277,282
18454,310,284,288
18455,310,286,290
18456,310,284,288
18457,310,280,284
18458,310,279,282
18459,310,284,282
18460,310,284,284
18461,310,281,289
18462,310,281,290
18463,310,280,286
18464,310,282,278
18465,310,284,276
18466,310,284,279
18467,310,286,285
18468,310,292,288
18469,310,292,290
18470,310,286,289
18471,310,281,286
18472,310,279,282
18473,310,280,278
18474,310,284,274
18475,310,286,273
18476,310,292,278
18477,310,296,284
18478,310,295,286
18479,310,286,284
18480,310,280,282
18481,310,276,278
18482,310,277,276
18483,310,282,278
18484,310,290,280
18485,309,292,282
18486,310,296,282
18487,310,292,282
18488,310,284,282
18489,310,280,282
18490,310,281,280
18491,310,282,280
18492,310,282,282
18493,310,281,282
18494,310,284,284
18495,310,292,286
18496,310,294,286
18497,310,289,284
18498,310,285,282
18499,310,279,278
18500,310,278,277
18501,310,278,278
18502,310,284,282
18503,310,288,288
18504,310,294,290
18505,310,292,288
18506,310,286,284
18507,310,280,278
18508,310,280,276
18509,310,281,274
18510,310,284,278
18511,310,285,282
18512,310,287,287
18513,310,290,288
18514,310,290,286
18515,310,288,280
18516,310,286,278
18517,310,288,276
18518,310,288,276
18519,310,289,278
18520,310,290,284
18521,310,290,286
18522,310,290,284
18523,310,288,277
18524,310,286,274
18525,310,290,276
18526,310,292,284
18527,310,286,292
18528,310,276,298
18529,310,272,294
18530,310,276,286
18531,310,287,278
18532,310,294,276
18533,310,292,282
18534,310,290,290
18535,310,285,294
18536,310,282,292
18537,310,279,288
18538,310,278,280
18539,310,279,278
18540,310,284,279
18541,310,288,286
18542,310,289,290
18543,310,290,297
18544,310,289,292
18545,310,286,282
18546,310,282,272
18547,310,280,272
18548,310,280,277
18549,310,284,286
18550,310,292,290
18551,310,297,290
18552,310,298,286
18553,310,292,280
18554,310,280,276
18555,310,273,276
18556,310,276,284
18557,310,284,289
18558,310,294,292
18559,310,296,290
18560,310,292,284
18561,310,282,280
18562,310,278,281
18563,310,276,284
18564,310,279,289
18565,310,284,290
18566,310,292,290
18567,310,293,289
18568,310,290,288
18569,310,280,284
18570,310,274,284
18571,310,274,288
18572,310,282,292
18573,310,288,292
18574,310,296,290
18575,310,296,286
18576,310,286,284
18577,310,273,281
18578,310,268,282
18579,310,270,288
18580,310,285,293
18581,310,296,295
18582,310,298,294
18583,310,292,288
18584,310,279,280
18585,310,270,276
18586,310,269,278
18587,310,281,286
18588,310,292,292
18589,310,302,292
18590,310,294,288
18591,310,280,282
18592,310,268,276
18593,310,270,279
18594,310,280,286
18595,310,294,295
18596,310,300,296
18597,310,294,290
18598,310,286,280
18599,310,276,276
18600,310,272,274
18601,310,276,284
18602,310,292,292
18603,310,300,298
18604,310,298,296
18605,310,288,288
18606,310,279,279
18607,310,274,276
18608,310,276,277
18609,310,279,282
18610,310,286,292
18611,310,292,294
18612,310,292,292
18613,310,286,286
18614,310,281,282
18615,312,272,279
18616,310,272,280
18617,310,274,282
18618,310,282,288
18619,310,288,292
18620,310,294,292
18621,310,289,288
18622,310,280,284
18623,310,271,278
18624,310,268,280
18625,310,276,284
18626,310,284,289
18627,310,289,290
18628,310,290,290
18629,310,286,286
18630,310,280,282
18631,310,276,277
18632,310,276,278
18633,310,279,282
18634,310,284,288
18635,310,286,290
18636,310,285,290
18637,310,286,289
18638,310,285,286
18639,310,282,279
18640,310,278,276
18641,310,278,277
18642,310,280,282
18643,310,288,288
18644,311,292,292
18645,310,292,290
18646,310,284,285
18647,310,279,279
18648,310,276,277
18649,310,278,280
18650,310,282,286
18651,310,292,292
18652,310,292,292
18653,310,290,288
18654,310,282,278
18655,310,278,274
18656,310,278,274
18657,310,282,280
18658,310,284,286
18659,310,287,294
18660,310,288,294
18661,310,286,288
18662,310,282,279
18663,310,277,274
18664,310,276,276
18665,310,282,280
18666,310,286,284
18667,310,288,290
18668,310,286,290
18669,310,284,287
18670,310,282,280
18671,310,278,276
18672,310,276,276
18673,310,276,284
18674,310,284,288
18675,312,290,290
18676,310,292,288
18677,310,286,282
18678,310,284,278
18679,310,279,277
18680,310,279,279
18681,310,281,282
18682,310,284,286
18683,310,290,286
18684,310,292,280
18685,310,290,274
18686,312,290,272
18687,310,290,276
18688,310,288,284
18689,310,284,288
18690,310,279,286
18691,310,279,278
18692,310,287,270
18693,310,292,271
18694,310,292,276
18695,310,290,286
18696,310,288,289
18697,310,284,286
18698,310,279,280
18699,310,278,274
18700,310,282,274
18701,310,292,282
18702,310,294,290
18703,310,289,296
18704,310,284,290
18705,310,280,279
18706,310,279,268
18707,310,280,268
18708,310,285,278
18709,310,289,290
18710,310,295,298
18711,310,292,294
18712,310,284,288
18713,310,276,272
18714,310,276,264
18715,310,281,268
18716,310,289,282
18717,310,292,293
18718,310,292,296
18719,310,290,286
18720,310,284,276
18721,310,274,266
18722,310,273,271
18723,310,284,281
18724,310,294,292
18725,310,298,294
18726,310,294,288
18727,310,288,278
18728,310,281,271
18729,310,281,271
18730,310,284,274
18731,310,290,286
18732,310,294,290
18733,310,292,292
18734,310,282,288
18735,312,278,284
18736,310,277,280
18737,310,284,279
18738,310,288,279
18739,310,292,278
18740,310,292,282
18741,310,294,284
18742,310,292,288
18743,310,288,288
18744,310,280,292
18745,310,276,296
18746,312,271,296
18747,310,280,284
18748,310,290,274
18749,310,306,279
18750,310,306,292
18751,310,296,292
18752,310,284,280
18753,310,276,276
18754,310,268,278
18755,310,272,284
18756,310,288,286
18757,310,308,290
18758,310,310,296
18759,310,292,296
18760,310,272,284
18761,310,266,272
18762,310,274,262
18763,310,284,270
18764,310,293,284
18765,310,301,298
18766,310,301,297
18767,310,292,290
18768,310,279,284
18769,310,268,279
18770,309,269,276
18771,310,277,278
18772,310,295,287
18773,310,300,300
18774,310,300,302
18775,310,292,289
18776,310,284,277
18777,309,277,272
18778,310,276,279
18779,310,278,287
18780,310,292,300
18781,310,297,303
18782,310,295,302
18783,310,287,290
18784,310,280,278
18785,310,274,268
18786,310,277,274
18787,310,282,284
18788,310,292,300
18789,310,296,302
18790,310,295,296
18791,310,284,284
18792,310,272,276
18793,310,261,276
18794,310,261,282
18795,312,279,292
18796,310,300,298
18797,310,308,300
18798,310,302,292
18799,310,286,280
18800,310,266,274
18801,310,257,276
18802,310,263,281
18803,310,285,292
18804,310,303,298
18805,310,308,298
18806,312,296,290
18807,310,285,282
18808,310,274,278
18809,310,270,279
18810,310,273,282
18811,310,285,288
18812,310,292,290
18813,310,298,289
18814,310,292,285
18815,310,282,284
18816,310,274,286
18817,310,276,288
18818,310,282,290
18819,310,284,290
18820,310,284,290
18821,310,280,288
18822,310,282,286
18823,310,285,284
18824,310,289,284
18825,310,292,288
18826,310,289,289
18827,310,282,288
18828,310,276,286
18829,310,272,285
18830,310,274,288
18831,310,280,292
18832,310,284,298
18833,310,282,296
18834,310,284,288
18835,310,289,278
18836,310,292,272
18837,310,289,276
18838,310,286,280
18839,310,279,288
18840,310,277,292
18841,310,276,290
18842,310,276,284
18843,310,278,282
18844,310,286,282
18845,310,292,285
18846,310,292,288
18847,310,288,286
18848,310,284,282
18849,310,276,278
18850,310,272,276
18851,310,270,276
18852,310,278,286
18853,310,290,294
18854,310,295,297
18855,312,292,292
18856,310,285,284
18857,310,274,278
18858,310,269,276
18859,310,271,279
18860,310,280,286
18861,310,288,292
18862,310,296,292
18863,309,292,287
18864,310,281,284
18865,310,270,280
18866,312,268,282
18867,310,276,284
18868,310,284,289
18869,310,289,288
18870,310,289,286
18871,310,288,282
18872,310,282,278
18873,310,276,278
18874,310,276,280
18875,310,280,284
18876,310,284,284
18877,310,287,284
18878,310,288,282
18879,310,286,282
18880,310,286,282
18881,310,281,284
18882,310,277,286
18883,310,277,288
18884,310,284,284
18885,310,289,282
18886,310,292,279
18887,310,289,278
18888,310,284,280
18889,310,280,282
18890,310,278,284
18891,310,280,288
18892,310,284,292
18893,310,292,292
18894,310,288,288
18895,310,284,284
18896,310,277,276
18897,310,278,270
18898,310,289,268
18899,310,296,274
18900,310,296,282
18901,310,290,294
18902,310,285,292
18903,310,280,286
18904,310,276,274
18905,310,276,268
18906,310,281,266
18907,310,292,272
18908,310,298,280
18909,310,295,293
18910,310,292,296
18911,310,284,288
18912,310,276,271
18913,310,270,264
18914,310,270,266
18915,312,278,280
18916,310,296,292
18917,310,306,300
18918,310,302,298
18919,310,286,284
18920,310,273,268
18921,310,266,262
18922,310,269,271
18923,310,276,286
18924,310,292,297
18925,309,302,296
18926,310,302,290
18927,308,289,275
18928,308,280,270
18929,309,276,271
18930,309,278,278
18931,308,282,284
18932,308,286,287
18933,308,288,285
18934,308,290,280
18935,308,290,276
18936,308,288,274
18937,308,288,280
18938,309,290,282
18939,308,289,282
18940,308,284,278
18941,308,282,276
18942,310,284,278
18943,310,288,281
18944,310,293,284
18945,310,294,282
18946,310,294,281
18947,310,292,276
18948,310,285,273
18949,310,278,274
18950,310,276,282
18951,310,278,290
18952,310,284,292
18953,310,288,286
18954,310,286,280
18955,310,279,278
18956,310,276,282
18957,310,276,288
18958,310,282,294
18959,310,288,296
18960,310,300,292
18961,310,300,282
18962,310,293,278
18963,310,278,279
18964,310,270,290
18965,310,274,296
18966,310,286,295
18967,310,294,289
18968,310,300,278
18969,310,300,273
18970,310,298,276
18971,310,296,286
18972,310,294,292
18973,310,285,294
18974,310,278,284
18975,312,271,272
18976,310,274,266
18977,310,284,273
18978,310,302,288
18979,310,310,303
18980,310,306,303
18981,310,282,284
18982,310,268,266
18983,309,260,260
18984,310,273,270
18985,310,288,286
18986,312,304,310
18987,310,304,314
18988,310,292,303
18989,310,274,278
18990,310,264,262
18991,310,265,262
18992,310,282,284
18993,310,298,300
18994,310,308,314
18995,310,306,308
18996,310,288,290
18997,310,268,271
18998,310,257,265
18999,310,262,272
19000,310,276,292
19001,310,302,308
19002,310,314,311
19003,310,310,303
19004,310,289,278
19005,310,271,262
19006,310,259,262
19007,310,262,277
19008,310,271,292
19009,310,289,306
19010,310,301,305
19011,310,304,296
19012,310,294,278
19013,310,286,271
19014,310,270,274
19015,310,266,284
19016,310,270,290
19017,310,289,294
19018,310,300,290
19019,310,302,286
19020,310,292,282
19021,310,278,280
19022,310,270,282
19023,310,274,288
19024,310,282,292
19025,310,288,292
19026,310,290,288
19027,310,285,284
19028,310,280,285
19029,310,278,288
19030,310,279,286
19031,310,284,286
19032,310,290,285
19033,310,288,286
19034,310,282,288
19035,311,276,292
19036,310,274,293
19037,310,278,292
19038,310,284,286
19039,310,285,282
19040,310,288,280
19041,310,289,282
19042,310,288,285
19043,310,284,288
19044,310,284,288
19045,310,281,284
19046,311,279,284
19047,310,278,285
19048,310,279,288
19049,310,284,292
19050,310,292,290
19051,310,292,286
19052,310,288,282
19053,310,280,277
19054,310,279,277
19055,310,282,281
19056,310,286,287
19057,310,286,288
19058,310,282,290
19059,310,279,286
19060,310,279,284
19061,310,284,282
19062,310,288,284
19063,310,292,284
19064,310,286,282
19065,310,278,282
19066,310,271,282
19067,310,271,284
19068,310,282,286
19069,310,288,288
19070,310,286,288
19071,310,282,284
19072,310,279,282
19073,310,279,282
19074,310,282,286
19075,310,281,288
19076,310,278,288
19077,310,279,284
19078,310,279,280
19079,310,280,279
19080,310,282,284
19081,310,285,288
19082,310,285,292
19083,310,282,290
19084,310,278,282
19085,310,276,278
19086,310,277,278
19087,310,284,281
19088,310,285,284
19089,310,285,290
19090,310,285,288
19091,310,284,282
19092,310,279,277
19093,310,279,276
19094,310,281,282
19095,311,287,288
19096,310,287,290
19097,310,284,288
19098,310,281,284
19099,310,284,280
19100,310,285,278
19101,310,285,278
19102,310,288,282
19103,310,286,286
19104,310,286,289
19105,310,284,288
19106,311,280,286
19107,310,280,282
19108,310,285,282
19109,310,288,284
19110,310,288,286
19111,310,286,284
19112,310,284,280
19113,310,286,276
19114,310,288,271
19115,310,285,276
19116,310,284,284
19117,310,284,290
19118,310,284,290
19119,310,284,286
19120,310,280,276
19121,310,278,274
19122,310,284,276
19123,310,288,282
19124,310,290,284
19125,310,290,286
19126,310,288,282
19127,310,282,277
19128,310,276,276
19129,310,276,278
19130,310,284,284
19131,310,292,292
19132,310,292,292
19133,310,286,288
19134,310,284,282
19135,310,281,276
19136,310,281,274
19137,310,282,278
19138,310,286,284
19139,310,290,288
19140,310,292,288
19141,310,290,282
19142,310,284,278
19143,310,278,276
19144,310,280,280
19145,310,285,284
19146,310,289,288
19147,310,290,286
19148,310,288,281
19149,310,286,274
19150,310,286,272
19151,310,288,274
19152,310,290,280
19153,310,295,284
19154,310,294,284
19155,311,290,282
19156,310,282,280
19157,310,278,279
19158,310,279,279
19159,310,285,282
19160,310,288,282
19161,310,295,284
19162,310,300,278
19163,310,297,276
19164,310,290,274
19165,310,286,276
19166,311,284,280
19167,310,284,284
19168,310,284,286
19169,310,280,288
19170,310,278,290
19171,310,278,290
19172,310,280,288
19173,310,280,288
19174,310,280,290
19175,310,282,288
19176,310,287,284
19177,310,289,282
19178,310,288,282
19179,310,282,286
19180,310,280,287
19181,310,278,286
19182,310,278,286
19183,310,282,288
19184,310,294,288
19185,310,300,286
19186,310,298,284
19187,310,288,278
19188,310,282,278
19189,310,280,279
19190,310,284,280
19191,310,289,281
19192,310,293,284
19193,310,292,285
19194,310,288,286
19195,310,284,285
19196,310,281,284
19197,310,278,282
19198,310,280,284
19199,310,281,286
19200,310,284,288
19201,310,288,290
19202,310,296,288
19203,310,298,284
19204,310,293,280
19205,310,280,278
19206,310,271,284
19207,310,271,292
19208,310,281,300
19209,310,292,301
19210,310,301,295
19211,310,298,284
19212,310,286,276
19213,310,273,276
19214,310,270,282
19215,311,276,292
19216,310,289,298
19217,310,296,297
19218,310,292,289
19219,310,286,281
19220,310,278,277
19221,310,278,280
19222,310,282,284
19223,310,290,290
19224,310,292,294
19225,310,286,293
19226,311,274,284
19227,310,269,280
19228,310,276,278
19229,310,288,280
19230,310,296,285
19231,310,292,294
19232,310,286,296
19233,310,276,290
19234,310,278,282
19235,310,281,278
19236,310,284,280
19237,310,284,284
19238,310,285,286
19239,310,287,292
19240,310,288,296
19241,310,287,294
19242,310,285,286
19243,310,282,280
19244,310,278,278
19245,311,276,279
19246,311,281,288
19247,311,290,296
19248,311,294,298
19249,311,288,292
19250,311,280,284
19251,311,270,278
19252,311,272,277
19253,311,282,280
19254,311,297,289
19255,311,303,296
19256,311,297,294
19257,311,279,282
19258,311,265,274
19259,311,262,272
19260,311,271,280
19261,311,292,290
19262,310,305,298
19263,310,303,296
19264,310,287,286
19265,310,273,274
19266,310,264,270
19267,310,266,276
19268,310,274,284
19269,310,292,295
19270,310,300,298
19271,310,296,294
19272,310,281,278
19273,310,271,274
19274,310,268,276
19275,312,274,284
19276,310,280,290
19277,310,290,295
19278,310,292,292
19279,310,290,286
19280,310,282,276
19281,310,276,274
19282,310,270,280
19283,310,276,289
19284,310,282,294
19285,310,292,296
19286,312,294,292
19287,310,289,282
19288,310,280,273
19289,310,273,272
19290,310,272,278
19291,310,276,288
19292,310,292,296
19293,310,296,294
19294,310,292,288
19295,310,281,276
19296,310,274,272
19297,310,272,274
19298,310,280,284
19299,310,286,288
19300,310,292,292
19301,310,293,288
19302,310,286,282
19303,310,276,274
19304,310,274,273
19305,310,278,276
19306,310,284,284
19307,310,288,289
19308,310,288,290
19309,310,285,288
19310,310,284,284
19311,310,280,279
19312,310,278,277
19313,310,278,278
19314,310,282,282
19315,310,286,286
19316,310,289,292
19317,310,289,290
19318,310,285,286
19319,310,282,281
19320,310,278,278
19321,310,276,278
19322,310,279,280
19323,310,289,284
19324,310,292,290
19325,310,290,292
19326,310,284,286
19327,310,278,280
19328,310,279,276
19329,310,284,276
19330,310,285,279
19331,310,288,284
19332,310,289,286
19333,310,287,286
19334,310,285,282
19335,311,286,278
19336,310,286,276
19337,310,289,276
19338,310,288,276
19339,310,285,279
19340,310,284,284
19341,310,286,284
19342,310,290,284
19343,310,292,282
19344,310,288,279
19345,310,284,279
19346,310,279,280
19347,310,282,284
19348,310,286,284
19349,310,294,284
19350,310,294,282
19351,310,286,280
19352,310,278,278
19353,310,278,280
19354,310,284,284
19355,310,289,288
19356,310,290,288
19357,310,284,282
19358,310,282,278
19359,310,284,277
19360,310,288,280
19361,310,288,284
19362,310,286,288
19363,310,284,288
19364,310,280,284
19365,310,281,276
19366,310,282,274
19367,310,286,276
19368,310,292,282
19369,310,294,286
19370,310,292,288
19371,310,290,284
19372,310,284,279
19373,310,281,274
19374,310,279,274
19375,310,280,274
19376,310,285,280
19377,310,298,285
19378,310,303,287
19379,310,301,286
19380,310,292,277
19381,310,284,271
19382,310,276,270
19383,310,274,278
19384,310,274,286
19385,310,279,300
19386,310,286,302
19387,310,290,296
19388,310,290,282
19389,310,289,272
19390,310,287,270
19391,310,285,279
19392,310,284,288
19393,310,282,296
19394,310,280,295
19395,310,282,290
19396,310,282,285
19397,310,280,284
19398,310,286,282
19399,310,293,284
19400,310,300,288
19401,310,295,288
19402,310,288,284
19403,310,278,278
19404,310,278,276
19405,310,279,276
19406,311,286,284
19407,310,289,290
19408,310,293,292
19409,310,293,287
19410,310,289,282
19411,310,279,276
19412,310,276,274
19413,310,276,278
19414,310,279,285
19415,310,284,290
19416,310,289,294
19417,310,292,292
19418,310,285,286
19419,310,284,279
19420,310,279,278
19421,310,284,284
19422,310,289,292
19423,310,288,295
19424,310,282,294
19425,310,279,292
19426,310,280,286
19427,310,282,281
19428,310,284,281
19429,310,287,286
19430,310,288,292
19431,310,294,296
19432,310,293,292
19433,310,287,288
19434,310,277,282
19435,310,274,280
19436,310,274,284
19437,310,280,288
19438,310,288,290
19439,310,298,290
19440,310,300,290
19441,310,292,286
19442,310,274,282
19443,310,268,281
19444,310,272,282
19445,310,285,286
19446,310,294,288
19447,310,296,289
19448,310,290,286
19449,310,282,284
19450,310,276,281
19451,310,276,281
19452,310,286,287
19453,310,293,289
19454,310,294,290
19455,310,286,289
19456,310,280,288
19457,310,276,284
19458,310,278,280
19459,310,284,280
19460,310,290,287
19461,310,292,294
19462,310,294,294
19463,310,289,288
19464,310,282,284
19465,310,272,278
19466,310,268,278
19467,310,273,282
19468,310,285,290
19469,310,293,294
19470,310,301,298
19471,310,296,292
19472,310,284,282
19473,310,263,270
19474,310,258,270
19475,310,268,280
19476,310,289,295
19477,310,303,302
19478,310,302,300
19479,310,294,290
19480,310,276,278
19481,310,264,268
19482,310,262,268
19483,310,276,280
19484,310,288,294
19485,310,300,300
19486,310,297,298
19487,310,287,290
19488,310,272,278
19489,310,268,272
19490,310,270,274
19491,310,278,282
19492,310,285,289
19493,310,292,293
19494,310,292,292
19495,310,288,287
19496,310,279,278
19497,310,274,276
19498,310,274,278
19499,310,278,284
19500,310,284,288
19501,310,292,292
19502,310,294,289
19503,310,292,284
19504,310,282,278
19505,310,276,276
19506,310,273,278
19507,310,282,284
19508,310,290,288
19509,310,294,292
19510,310,292,292
19511,310,284,288
19512,310,276,280
19513,310,273,276
19514,310,278,274
19515,310,282,280
19516,310,294,286
19517,310,294,290
19518,310,288,290
19519,310,277,286
19520,310,273,281
19521,310,273,278
19522,310,278,276
19523,310,284,277
19524,310,289,284
19525,310,293,292
19526,310,290,294
19527,310,281,290
19528,310,276,282
19529,310,272,273
19530,310,276,269
19531,310,282,271
19532,310,292,282
19533,310,295,294
19534,310,295,298
19535,310,285,293
19536,310,276,286
19537,310,268,274
19538,310,273,268
19539,310,284,271
19540,310,296,280
19541,310,301,285
19542,310,298,286
19543,310,290,282
19544,310,281,277
19545,310,274,272
19546,310,276,276
19547,310,286,279
19548,310,292,284
19549,310,292,288
19550,310,288,286
19551,310,285,281
19552,310,287,276
19553,310,286,274
19554,310,284,274
19555,310,282,280
19556,310,284,285
19557,310,288,286
19558,310,292,288
19559,310,290,286
19560,313,285,284
19561,310,280,280
19562,310,278,279
19563,310,281,279
19564,310,286,282
19565,310,294,284
19566,310,292,284
19567,310,284,283
19568,310,276,280
19569,310,277,280
19570,310,284,282
19571,310,292,286
19572,310,292,286
19573,310,288,284
19574,310,284,278
19575,310,280,274
19576,310,278,273
19577,310,279,276
19578,310,286,282
19579,310,292,287
19580,310,294,288
19581,310,290,284
19582,310,287,280
19583,310,285,276
19584,310,284,273
19585,310,284,276
19586,310,284,284
19587,310,286,289
19588,310,290,290
19589,310,292,286
19590,310,290,282
19591,310,287,278
19592,310,287,276
19593,310,285,277
19594,310,284,284
19595,310,282,288
19596,310,284,288
19597,310,289,284
19598,310,290,282
19599,310,287,280
19600,310,284,285
19601,310,284,290
19602,310,284,292
19603,310,281,292
19604,310,280,290
19605,310,284,284
19606,310,288,280
19607,310,292,280
19608,310,292,284
19609,310,288,290
19610,310,287,292
19611,310,284,288
19612,310,280,282
19613,310,280,279
19614,310,286,279
19615,310,294,284
19616,310,296,286
19617,310,292,288
19618,310,286,286
19619,310,282,284
19620,310,282,276
19621,310,284,274
19622,310,288,278
19623,310,289,288
19624,310,288,292
19625,310,286,289
19626,310,286,284
19627,310,286,279
19628,310,288,280
19629,310,284,284
19630,310,276,289
19631,310,272,292
19632,310,282,292
19633,310,292,290
19634,310,294,286
19635,310,292,280
19636,310,284,280
19637,310,279,285
19638,310,277,293
19639,310,277,295
19640,310,284,292
19641,310,288,290
19642,310,286,290
19643,310,278,288
19644,310,276,284
19645,310,280,282
19646,310,288,284
19647,310,292,284
19648,310,288,284
19649,310,284,288
19650,310,280,292
19651,310,279,294
19652,310,277,292
19653,310,278,284
19654,310,279,280
19655,310,288,280
19656,310,295,284
19657,310,296,284
19658,310,288,288
19659,310,279,286
19660,310,270,284
19661,310,270,284
19662,310,276,284
19663,310,292,288
19664,310,300,292
19665,310,300,292
19666,310,286,284
19667,310,278,279
19668,310,274,277
19669,310,278,284
19670,310,284,290
19671,310,292,296
19672,310,293,294
19673,310,288,288
19674,310,279,280
19675,310,272,278
19676,310,276,288
19677,310,281,298
19678,310,286,301
19679,310,284,296
19680,310,282,288
19681,310,280,278
19682,310,282,274
19683,310,284,278
19684,310,286,288
19685,310,286,297
19686,310,286,298
19687,310,282,292
19688,310,278,286
19689,310,276,276
19690,310,280,274
19691,310,287,278
19692,310,292,287
19693,310,292,290
19694,310,288,292
19695,310,284,286
19696,310,279,280
19697,311,274,276
19698,310,276,278
19699,310,281,283
19700,310,286,288
19701,310,290,290
19702,310,288,286
19703,310,286,284
19704,310,282,281
19705,310,278,282
19706,310,274,285
19707,310,276,288
19708,310,280,288
19709,310,286,286
19710,310,286,284
19711,310,284,282
19712,310,280,286
19713,310,281,288
19714,310,280,290
19715,310,279,288
19716,310,279,284
19717,310,281,282
19718,310,282,280
19719,310,282,282
19720,310,280,286
19721,310,279,290
19722,310,284,290
19723,310,286,284
19724,310,285,280
19725,310,284,278
19726,310,281,280
19727,310,280,283
19728,310,277,286
19729,310,277,286
19730,310,281,285
19731,310,285,282
19732,310,289,280
19733,310,289,279
19734,310,287,282
19735,310,284,284
19736,310,277,285
19737,310,276,284
19738,310,277,282
19739,310,280,284
19740,310,292,286
19741,310,297,286
19742,310,295,286
19743,310,284,284
19744,310,276,282
19745,310,270,282
19746,310,274,281
19747,310,281,282
19748,310,292,285
19749,310,297,290
19750,310,294,292
19751,310,284,290
19752,310,278,284
19753,310,276,278
19754,310,279,271
19755,310,284,270
19756,310,292,272
19757,311,295,278
19758,310,297,284
19759,310,292,288
19760,310,284,286
19761,310,277,282
19762,310,274,276
19763,310,274,273
19764,310,282,273
19765,310,290,276
19766,310,300,280
19767,310,303,284
19768,311,295,284
19769,310,276,282
19770,310,268,278
19771,310,269,274
19772,310,282,277
19773,310,292,281
19774,310,298,288
19775,310,295,292
19776,310,288,290
19777,310,280,284
19778,310,276,278
19779,310,278,276
19780,310,281,278
19781,310,284,280
19782,310,286,280
19783,310,290,282
19784,310,293,286
19785,310,293,290
19786,310,290,289
19787,310,282,282
19788,310,279,276
19789,310,278,270
19790,310,279,271
19791,310,282,276
19792,310,290,284
19793,310,295,288
19794,310,300,288
19795,310,294,282
19796,310,286,274
19797,310,278,270
19798,310,279,271
19799,310,282,277
19800,310,286,286
19801,310,290,290
19802,310,293,290
19803,310,292,284
19804,310,290,280
19805,310,285,272
19806,310,284,271
19807,310,287,274
19808,310,289,282
19809,310,288,288
19810,310,286,288
19811,310,284,284
19812,310,278,280
19813,310,274,282
19814,310,273,284
19815,310,280,292
19816,310,292,294
19817,311,298,294
19818,310,296,290
19819,310,292,284
19820,310,282,278
19821,310,277,278
19822,310,277,284
19823,310,282,294
19824,310,286,300
19825,310,294,296
19826,310,292,284
19827,310,288,276
19828,311,286,274
19829,310,290,279
19830,310,294,286
19831,310,296,294
19832,310,293,292
19833,310,282,284
19834,310,276,274
19835,310,271,271
19836,310,276,278
19837,310,286,286
19838,310,304,294
19839,310,305,294
19840,310,295,288
19841,310,277,276
19842,310,269,271
19843,310,276,273
19844,310,287,284
19845,310,292,290
19846,310,292,294
19847,310,287,292
19848,310,279,288
19849,310,277,286
19850,310,280,286
19851,310,290,290
19852,310,294,295
19853,310,290,296
19854,310,276,288
19855,310,269,280
19856,310,272,276
19857,310,284,280
19858,310,294,288
19859,310,302,302
19860,310,301,303
19861,310,290,296
19862,310,273,280
19863,310,263,272
19864,310,264,276
19865,310,278,286
19866,310,294,294
19867,310,306,300
19868,310,303,296
19869,310,286,284
19870,310,272,273
19871,310,264,270
19872,310,268,278
19873,310,276,292
19874,310,293,300
19875,310,300,300
19876,310,298,292
19877,311,288,276
19878,310,280,270
19879,310,274,273
19880,310,272,284
19881,310,274,289
19882,310,286,297
19883,310,296,294
19884,310,300,290
19885,309,290,282
19886,309,282,278
19887,309,272,280
19888,313,276,288
19889,311,280,294
19890,309,284,294
19891,311,286,290
19892,309,284,284
19893,311,281,280
19894,309,280,283
19895,309,281,290
19896,311,282,296
19897,309,284,296
19898,311,282,292
19899,309,279,286
19900,309,280,281
19901,311,284,280
19902,310,286,282
19903,310,287,288
19904,310,287,290
19905,310,285,292
19906,310,284,290
19907,310,284,288
19908,310,286,284
19909,310,285,280
19910,310,282,276
19911,310,280,274
19912,310,280,276
19913,310,292,288
19914,310,298,296
19915,310,300,296
19916,310,284,286
19917,310,268,274
19918,310,258,264
19919,310,268,270
19920,310,282,281
19921,310,300,300
19922,310,306,308
19923,310,298,302
19924,310,279,281
19925,310,262,268
19926,310,254,258
19927,310,258,270
19928,310,282,288
19929,310,300,308
19930,310,305,312
19931,310,295,302
19932,310,282,282
19933,310,266,268
19934,310,260,264
19935,310,262,269
19936,310,276,288
19937,312,294,302
19938,310,302,306
19939,310,298,296
19940,310,289,282
19941,310,270,270
19942,310,263,268
19943,310,264,274
19944,310,278,286
19945,310,288,294
19946,310,300,295
19947,310,296,286
19948,311,288,279
19949,310,277,273
19950,310,274,276
19951,310,276,281
19952,310,284,288
19953,310,286,288
19954,310,288,284
19955,310,290,280
19956,310,286,278
19957,310,284,281
19958,310,284,286
19959,310,285,288
19960,310,286,289
19961,310,284,288
19962,310,281,282
19963,310,279,280
19964,310,282,280
19965,310,285,285
19966,310,284,288
19967,310,288,288
19968,310,290,284
19969,310,292,280
19970,310,286,276
19971,310,284,276
19972,310,278,278
19973,310,278,284
19974,310,280,287
19975,310,284,287
19976,310,288,284
19977,310,292,279
19978,310,292,276
19979,310,286,276
19980,310,281,280
19981,310,278,282
19982,310,282,284
19983,310,284,282
19984,310,284,282
19985,310,285,282
19986,310,288,284
19987,310,288,284
19988,310,286,284
19989,310,285,284
19990,310,284,280
19991,310,284,278
19992,310,284,279
19993,310,284,282
19994,310,286,286
19995,310,290,286
19996,310,289,282
19997,311,284,280
19998,310,280,279
19999,310,280,281
